y,Hostility,kDN,DCP,TD_U,CLD,N1,N2,LSC,F1,L1,level,subset
0,0.34991615427613193,0.43487982112912243,0.531596672181299,0.49984029385929885,0.5758749568175345,0.396348592715278,0.4950252774012583,0.9987445025091193,0.9985885969815539,-0.13559399486283358,class,informative
1,0.07131734662099035,0.20847088134537525,0.29617765385622674,0.5905369933710015,0.30231455524753165,0.2067126775893729,0.4821595213647792,0.9985657751634519,0.9985674244783557,0.6769562903313467,class,informative
dataset,0.171,0.28948,0.38041057861293764,0.5580857142857143,0.4001944669292787,0.27456440802142174,0.4867628888746314,0.9986297238077317,0.998575,0.38622579828886905,class,informative
0,0.25054945054945055,0.2,0.5763546798029557,0.7142857142857143,0.5723793875957819,0.0,0.48148280893778705,0.9977628635346756,1.0,0.26986662695181873,instance,informative
1,0.7824858757062148,1.0,0.2329749103942652,0.5357142857142857,0.3208075690627382,1.0,0.5427812424528113,1.0,1.0,0.6233728797336203,instance,informative
0,0.038461538461538436,0.4,0.4285714285714286,0.4642857142857143,0.6033956853855279,0.25,0.4841772102654346,0.9988814317673378,1.0,-0.6558251008719093,instance,informative
0,0.667608286252354,0.2,0.6363636363636364,0.39285714285714285,0.8015511783779848,1.0,0.5046963210841758,1.0,1.0,-0.09269457989349462,instance,informative
0,0.1508474576271186,0.6,0.24637681159420288,0.5714285714285714,0.5400418608264944,0.5,0.5143748278739777,1.0,1.0,-1.0386867495175893,instance,informative
0,0.7890835579514826,0.4,0.5111111111111111,0.7142857142857143,0.4263476930854032,0.0,0.49061113589084027,0.9988814317673378,1.0,0.04059536599314837,instance,informative
0,0.2791666666666667,0.2,0.7329545454545454,0.42857142857142855,0.6204152464570948,0.0,0.49590900831071283,0.9983221476510067,1.0,-0.36051591143367484,instance,informative
0,0.15999999999999992,0.2,0.24637681159420288,0.5714285714285714,0.3764528613471082,0.0,0.487814618484286,0.9977628635346756,1.0,-0.42351359856755033,instance,informative
1,0.6243243243243243,1.0,0.18727272727272726,0.6071428571428571,0.5410438644273392,1.0,0.5409700033768183,1.0,1.0,-0.628200372973392,instance,informative
0,0.038461538461538436,0.2,0.7670250896057348,0.32142857142857145,0.7273568428231334,0.0,0.46429113221723617,0.9977628635346756,1.0,-0.8206397376578657,instance,informative
0,0.743343653250774,0.2,0.7670250896057348,0.35714285714285715,0.8041925850340184,0.0,0.46031269405639597,0.9977628635346756,1.0,-2.0110166955004747,instance,informative
0,0.0625,0.0,0.7563218390804598,0.5714285714285714,0.4315584461583809,0.0,0.4245296558962145,0.9899328859060402,1.0,0.6007670573107938,instance,informative
0,0.1217948717948718,0.2,0.4285714285714286,0.4642857142857143,0.3720704249722929,1.0,0.5155142950100653,1.0,1.0,-0.9044860917587157,instance,informative
0,0.6537356321839081,0.6,0.21590909090909094,0.32142857142857145,0.3143672265515215,0.0,0.49995962642070957,0.9994407158836689,1.0,1.2675585892136036,instance,informative
0,0.05084745762711862,0.0,0.31472081218274117,0.35714285714285715,0.5238428260675018,0.0,0.47212745054544536,0.9932885906040269,1.0,0.052522023287496944,instance,informative
0,0.5050505050505051,0.6,0.22807017543859653,0.5714285714285714,0.5190768362727302,1.0,0.5188708248996514,1.0,1.0,0.21631587623386994,instance,informative
1,0.6793103448275861,0.8,0.7719298245614035,0.6071428571428571,0.5534492295015349,1.0,0.5149255720224053,1.0,1.0,0.4627690511475313,instance,informative
0,0.1508474576271186,0.6,0.7670250896057348,0.32142857142857145,0.3717169403479995,1.0,0.5037380718289854,1.0,1.0,0.9463559515163983,instance,informative
0,0.4188871473354232,0.2,0.13559322033898302,0.17857142857142858,0.3872816594527604,0.5,0.5171949624147246,1.0,1.0,0.001399267165439159,instance,informative
0,0.23706896551724133,0.4,0.4285714285714286,0.4642857142857143,0.4564859343931711,0.0,0.49002508185908367,0.9994407158836689,1.0,0.33690394710055716,instance,informative
0,0.4098360655737705,0.2,0.5763546798029557,0.6785714285714286,0.8070805952401203,0.0,0.4774805321773168,0.9977628635346756,1.0,-1.1398773481287419,instance,informative
0,0.25054945054945055,0.4,0.7563218390804598,0.39285714285714285,0.6067773587734048,0.0,0.45207502598016536,0.9988814317673378,1.0,-0.7648602482038704,instance,informative
1,0.811965811965812,0.8,0.36363636363636365,0.32142857142857145,0.45251309695492214,0.5,0.5062472990636946,1.0,1.0,-0.691992418025518,instance,informative
0,0.41415662650602414,0.2,0.4727272727272728,0.5714285714285714,0.7208109077435584,0.0,0.4732820421081768,0.9988814317673378,1.0,-0.8595295875539979,instance,informative
0,0.815359477124183,0.4,0.6363636363636364,0.42857142857142855,0.47520779868666696,0.3333333333333333,0.5121763424088247,1.0,1.0,0.12236293608122681,instance,informative
0,0.2127450980392156,0.6,0.4727272727272728,0.5714285714285714,0.6196066658311127,0.6666666666666666,0.5188139990366205,1.0,1.0,-1.110998607801757,instance,informative
0,0.11267605633802824,0.4,0.4285714285714286,0.4642857142857143,0.3244873702080634,1.0,0.509180784263489,1.0,1.0,0.005369312768768258,instance,informative
0,0.12692307692307692,0.0,0.6363636363636364,0.39285714285714285,0.35298675708950056,0.0,0.4667290210704277,0.9966442953020134,1.0,0.480619615630127,instance,informative
0,0.35163398692810455,0.4,0.4727272727272728,0.5714285714285714,0.37886192842085253,1.0,0.5059532535171983,1.0,1.0,1.1417895440450188,instance,informative
1,0.8237547892720307,1.0,0.326797385620915,0.5714285714285714,0.5073654273598837,1.0,0.5313926425152377,1.0,1.0,-0.5745603560436576,instance,informative
0,0.0,0.2,0.31472081218274117,0.35714285714285715,0.5021183010763739,0.0,0.48209548178052763,0.9988814317673378,1.0,1.441919095415409,instance,informative
0,0.0,0.4,0.21590909090909094,0.32142857142857145,0.32611179705854837,0.0,0.4840440910216035,0.9988814317673378,1.0,0.4205564163105673,instance,informative
0,0.05555555555555558,0.2,0.22807017543859653,0.7142857142857143,0.5659987336125141,0.0,0.49356880202731823,0.9988814317673378,1.0,0.14854307969808977,instance,informative
0,0.4756756756756757,0.2,0.13559322033898302,0.17857142857142858,0.33561038561650314,0.0,0.4839944598647318,0.9988814317673378,1.0,0.10237606232245325,instance,informative
0,0.5886627906976745,0.2,0.7563218390804598,0.9642857142857143,0.7425547994941323,0.0,0.49580179688883264,0.9983221476510067,1.0,-2.3911519045186913,instance,informative
0,0.09090909090909083,0.0,0.7329545454545454,0.42857142857142855,0.5591262238487332,0.0,0.47417183621137426,0.9949664429530202,1.0,0.8698196856137584,instance,informative
0,0.12692307692307692,0.2,0.22807017543859653,0.7142857142857143,0.3042267800750844,0.5,0.5058628801094166,1.0,1.0,2.029965946088641,instance,informative
0,0.05555555555555558,0.2,0.22807017543859653,0.7142857142857143,0.5095095564576302,0.0,0.4683530899306636,0.9988814317673378,1.0,0.7577368949094822,instance,informative
0,0.18500000000000005,0.0,0.31472081218274117,0.35714285714285715,0.30643186539507583,0.0,0.45306846671151957,0.9960850111856824,1.0,1.954110062916686,instance,informative
0,0.25054945054945055,0.2,0.5763546798029557,0.4642857142857143,0.5439461212451681,0.5,0.47321746140593635,0.9988814317673378,1.0,0.05665739242588703,instance,informative
1,0.8285714285714285,0.6,0.4236453201970444,0.7142857142857143,0.5053381028608595,1.0,0.5151197899466768,1.0,1.0,-0.3044932058366947,instance,informative
0,0.040000000000000036,0.2,0.6363636363636364,0.5357142857142857,0.3872861140945518,0.0,0.4793767995892194,0.9983221476510067,1.0,1.3104684395533566,instance,informative
0,0.040000000000000036,0.0,0.22807017543859653,0.7142857142857143,0.40796311823481457,0.0,0.44600225704740903,0.9876957494407159,1.0,0.7477543961430113,instance,informative
0,0.2895104895104895,0.0,0.7670250896057348,0.5357142857142857,0.549294584199812,0.0,0.45436393751680637,0.9955257270693513,1.0,0.2722977453755815,instance,informative
0,0.6444270015698588,0.4,0.7563218390804598,0.35714285714285715,0.535301355224727,0.2857142857142857,0.4997396406379295,0.9988814317673378,1.0,-0.3719698085171903,instance,informative
0,0.17107843137254908,0.0,0.21590909090909094,0.32142857142857145,0.3037111994851257,0.0,0.4658193154070469,0.993847874720358,1.0,1.6379219060830381,instance,informative
0,0.0357142857142857,0.4,0.31472081218274117,0.39285714285714285,0.6279283024097289,0.0,0.4876193016169448,0.9988814317673378,1.0,0.2998643217408662,instance,informative
0,0.202020202020202,0.4,0.22807017543859653,0.6071428571428571,0.5700430361649897,0.0,0.48819514241694184,0.9983221476510067,1.0,0.5067568918614628,instance,informative
0,0.17844202898550732,0.4,0.7563218390804598,0.5357142857142857,0.46809618862646507,1.0,0.5020740405090764,1.0,1.0,-0.43391796042727443,instance,informative
0,0.17844202898550732,0.2,0.7563218390804598,0.5357142857142857,0.5167449854496197,1.0,0.5006383387812656,1.0,1.0,0.8097739850831046,instance,informative
0,0.44666666666666666,0.0,0.13559322033898302,0.17857142857142858,0.5758952514587709,0.0,0.46614361925596637,0.9966442953020134,1.0,0.6891276619318423,instance,informative
0,0.05084745762711862,0.2,0.24637681159420288,0.5714285714285714,0.3948065221189606,0.0,0.46419146219079455,0.9983221476510067,1.0,0.3852343953555695,instance,informative
1,0.7946428571428572,0.8,0.7536231884057971,0.35714285714285715,0.7143444133014761,0.0,0.49858160772080573,0.9996884735202493,0.975,0.015939357358273194,instance,informative
0,0.06000000000000005,0.0,0.5763546798029557,0.6785714285714286,0.5415983199636287,0.0,0.41435376687734715,0.9927293064876958,1.0,-0.3571584150486578,instance,informative
0,0.17361111111111116,0.2,0.21590909090909094,0.32142857142857145,0.4126272730653331,0.0,0.4809357134144502,0.9983221476510067,1.0,0.052464235833365146,instance,informative
0,0.2435897435897436,0.4,0.7563218390804598,0.39285714285714285,0.6445653668863004,0.5,0.4829874510833321,0.9994407158836689,1.0,-0.5739870760426908,instance,informative
0,0.11428571428571432,0.0,0.21590909090909094,0.32142857142857145,0.281586222230995,0.0,0.47004092973471023,0.9955257270693513,1.0,0.5942258199040398,instance,informative
0,0.15773809523809523,0.4,0.7563218390804598,0.5,0.470105341472805,0.5,0.47171794617375484,0.9988814317673378,1.0,-0.7018969607692782,instance,informative
0,0.1399999999999999,0.4,0.22807017543859653,0.7142857142857143,0.518100129931224,1.0,0.529794243704464,1.0,1.0,0.2287553751369069,instance,informative
0,0.8297342192691031,0.6,0.4727272727272728,0.4642857142857143,0.7032212587463045,0.0,0.4993264564050228,0.9994407158836689,1.0,-1.0622154153128454,instance,informative
0,0.21751412429378525,0.4,0.7329545454545454,0.42857142857142855,0.6698589446143339,0.4,0.4905217402500087,0.9994407158836689,1.0,-0.469351493507876,instance,informative
0,0.22023809523809523,0.2,0.24637681159420288,0.5357142857142857,0.6384352992037833,0.5,0.48834725280241265,0.9983221476510067,1.0,-0.7040876379092033,instance,informative
0,0.4914792092706203,0.2,0.7563218390804598,0.6071428571428571,0.6247946862946419,0.6666666666666666,0.5176269294469938,1.0,1.0,-1.211994544100509,instance,informative
0,0.3756756756756756,0.4,0.24637681159420288,0.5714285714285714,0.48215241186948576,0.5,0.5122661489479455,1.0,1.0,-0.4974764339285696,instance,informative
0,0.19090909090909092,0.4,0.7670250896057348,0.32142857142857145,0.6249718690373013,1.0,0.5052995523822491,1.0,1.0,-0.4074572847642438,instance,informative
0,0.2238095238095239,0.0,0.4727272727272728,0.6071428571428571,0.4942869578889175,0.0,0.46724025292651816,0.9927293064876958,1.0,0.6268138174286143,instance,informative
0,0.0,0.0,0.4285714285714286,0.42857142857142855,0.3270307271426597,0.0,0.47626693925374597,0.9888143176733781,0.975,0.3575937004382683,instance,informative
0,0.0357142857142857,0.2,0.6363636363636364,0.39285714285714285,0.5782031048147145,0.3333333333333333,0.5069296427726331,1.0,1.0,0.33045030407123993,instance,informative
0,0.0,0.2,0.31472081218274117,0.35714285714285715,0.5833952249238179,0.0,0.4973536254375568,0.9988814317673378,1.0,-0.6157921794527689,instance,informative
0,0.3204022988505747,0.0,0.31472081218274117,0.39285714285714285,0.5678388258513761,0.0,0.4679262466555,0.9972035794183445,1.0,-0.3852700380145709,instance,informative
1,0.8080882352941177,0.8,0.864406779661017,0.21428571428571427,0.6963085302916381,0.0,0.4947418733605564,0.9996884735202493,1.0,-1.0086611788907538,instance,informative
0,0.07692307692307687,0.2,0.7329545454545454,0.4642857142857143,0.6665314794772079,0.0,0.4920727494497812,0.9983221476510067,1.0,-1.1085335260091764,instance,informative
0,0.34782608695652173,0.0,0.31034482758620685,0.42857142857142855,0.5703036030930962,0.0,0.4362050614733205,0.9966442953020134,1.0,-0.582877782139252,instance,informative
1,0.4444444444444444,1.0,0.7719298245614035,0.42857142857142855,0.4850526825211886,1.0,0.5214830112108353,1.0,1.0,-0.7470880596970804,instance,informative
0,0.661734693877551,0.6,0.7329545454545454,0.75,0.5664491908794146,0.0,0.4915150568297081,0.9994407158836689,1.0,-0.04162532945222046,instance,informative
0,0.17361111111111116,0.2,0.24637681159420288,0.5714285714285714,0.3054532894949332,0.0,0.4884900153931303,0.9994407158836689,0.975,1.2875660706678254,instance,informative
0,0.16249999999999998,0.6,0.24637681159420288,0.5714285714285714,0.30479356731311213,0.0,0.49343488859508977,0.9994407158836689,1.0,0.7780345924315308,instance,informative
0,0.45833333333333337,0.6,0.8333333333333334,0.42857142857142855,0.8153249437452406,1.0,0.501934406886223,1.0,1.0,-0.7254955783803961,instance,informative
0,0.22941176470588232,0.2,0.22807017543859653,0.6071428571428571,0.4461122789379338,0.0,0.4726035911505979,0.9983221476510067,1.0,0.5825268139113319,instance,informative
0,0.0714285714285714,0.0,0.5111111111111111,0.5357142857142857,0.5307303556700004,0.0,0.47443584315335496,0.9972035794183445,1.0,0.5051130495559221,instance,informative
1,0.6590909090909091,1.0,0.2436781609195402,0.39285714285714285,0.4444628062808708,1.0,0.5977918099038049,1.0,1.0,0.21235504259915883,instance,informative
1,0.7705882352941176,0.6,0.7719298245614035,0.5714285714285714,0.5995497893105304,1.0,0.5142058258435727,1.0,1.0,-0.6382168363626203,instance,informative
1,0.6795977011494253,0.8,0.5272727272727273,0.6071428571428571,0.6147649469890196,1.0,0.5261616328493871,1.0,1.0,-0.1294100736052274,instance,informative
0,0.46338383838383834,0.2,0.8333333333333334,0.42857142857142855,0.5714792282653006,0.0,0.4980567671933783,0.9994407158836689,1.0,-0.09815871073098952,instance,informative
0,0.12698412698412698,1.0,0.31472081218274117,0.32142857142857145,0.6814009628015207,1.0,0.5063314299437763,1.0,1.0,-0.4419823297561323,instance,informative
0,0.18410462776659964,0.4,0.7329545454545454,0.39285714285714285,0.42153792434704007,0.3333333333333333,0.4892928576572334,0.9988814317673378,1.0,0.8592025764135633,instance,informative
0,0.18181818181818177,0.0,0.7329545454545454,0.42857142857142855,0.5535717451162396,0.0,0.48999340602735886,0.9966442953020134,1.0,-0.06872956698497026,instance,informative
0,0.3940789473684211,0.4,0.7563218390804598,0.5357142857142857,0.6323812225233918,1.0,0.5010468033288191,1.0,1.0,-0.012682009740212377,instance,informative
0,0.06000000000000005,0.0,0.22807017543859653,0.7142857142857143,0.473336912962642,0.0,0.4475035975491257,0.9960850111856824,1.0,0.4154774312083279,instance,informative
0,0.41415662650602414,0.2,0.7329545454545454,0.5357142857142857,0.752071136443908,0.3333333333333333,0.48291731826762707,0.9994407158836689,1.0,-0.7821530971087545,instance,informative
0,0.11111111111111116,0.2,0.673202614379085,0.39285714285714285,0.6833251582085929,0.0,0.47263254253144427,0.9977628635346756,1.0,-0.7885832673295049,instance,informative
0,0.3302277432712215,0.4,0.31472081218274117,0.42857142857142855,0.7316322577388669,0.0,0.4922857732235274,0.9994407158836689,1.0,-0.3792745420210154,instance,informative
0,0.45833333333333337,0.6,0.31472081218274117,0.35714285714285715,0.45783331440158215,0.0,0.47621697257711126,0.9988814317673378,1.0,-0.20532346395936746,instance,informative
0,0.06000000000000005,0.4,0.21590909090909094,0.32142857142857145,0.29643249765233093,0.0,0.49153692630375534,0.9994407158836689,1.0,-1.413122277251917,instance,informative
0,0.19860139860139858,0.0,0.6363636363636364,0.39285714285714285,0.7205725869032641,0.0,0.45436929382428426,0.9960850111856824,1.0,-0.680503484891305,instance,informative
0,0.033333333333333326,0.2,0.8127272727272727,0.6071428571428571,0.6581639850490801,0.0,0.49389740896086376,0.9983221476510067,0.975,-0.6529350392761706,instance,informative
1,0.7424242424242424,1.0,0.7719298245614035,0.5714285714285714,0.5052717394405425,1.0,0.5300375763509768,1.0,1.0,-0.4990286511858553,instance,informative
0,0.2666666666666666,0.4,0.7329545454545454,0.6071428571428571,0.4579487019959372,0.25,0.5008063290149003,1.0,1.0,0.15738945848960212,instance,informative
0,0.7734724292101341,0.8,0.5763546798029557,0.6785714285714286,0.7511980188565257,0.5,0.4946429025326866,0.9994407158836689,1.0,-0.4016929708440464,instance,informative
0,0.20512820512820507,0.0,0.7670250896057348,0.32142857142857145,0.3268755113345386,0.0,0.48098284448098105,0.9960850111856824,1.0,0.18740647631967355,instance,informative
0,0.25,0.2,0.31472081218274117,0.35714285714285715,0.49228097795741266,0.5,0.4954503599421304,0.9994407158836689,1.0,-0.39538441535547336,instance,informative
0,0.05555555555555558,0.0,0.22807017543859653,0.7142857142857143,0.8425154457472258,0.0,0.46921221471667296,0.9860178970917226,0.975,-0.03803540978187722,instance,informative
0,0.7595907928388747,0.4,0.7670250896057348,0.32142857142857145,0.7940029894592824,1.0,0.5078916170173053,1.0,1.0,-1.3625850269748394,instance,informative
0,0.038461538461538436,0.0,0.13559322033898302,0.17857142857142858,0.36054680651746407,0.0,0.46630317572001456,0.993847874720358,1.0,0.17783247818960007,instance,informative
0,0.0625,0.2,0.7563218390804598,0.39285714285714285,0.6786865210948446,0.0,0.46706602520684726,0.9977628635346756,1.0,0.47559010716620326,instance,informative
0,0.5416666666666667,0.4,0.24637681159420288,0.5357142857142857,0.696623821981562,0.0,0.49845850335838726,0.9994407158836689,1.0,0.0482747703372129,instance,informative
1,0.5629310344827586,0.8,0.5272727272727273,0.6071428571428571,0.6336629337142508,1.0,0.5205333810230415,1.0,1.0,-0.47919663113975425,instance,informative
0,0.09999999999999998,0.4,0.7329545454545454,0.5357142857142857,0.2879573698442516,0.0,0.47349364951755957,0.9994407158836689,0.975,0.5733800232984462,instance,informative
0,0.40373563218390807,0.4,0.7329545454545454,0.75,0.5678524071782837,0.2727272727272727,0.49539517769701436,0.9983221476510067,1.0,-0.43434422732679806,instance,informative
0,0.2928571428571429,0.2,0.8127272727272727,0.6071428571428571,0.6769699137875387,0.0,0.45390356608737625,0.9988814317673378,1.0,0.4625673237964559,instance,informative
0,0.780952380952381,1.0,0.8102564102564103,0.5357142857142857,0.6455554096088449,1.0,0.5338237578040792,1.0,1.0,-0.29633929880847754,instance,informative
0,0.5679347826086957,0.4,0.7563218390804598,0.5357142857142857,0.647192393380385,0.3333333333333333,0.5039000114136709,1.0,1.0,-0.9613620617561319,instance,informative
1,0.6576576576576576,0.6,0.18727272727272726,0.5357142857142857,0.5781678402750846,1.0,0.5301384944438892,1.0,1.0,-1.157270463723778,instance,informative
0,0.2943181818181818,0.6,0.6031746031746033,0.42857142857142855,0.4843004004969885,0.4,0.5306777731003325,1.0,1.0,0.43957569476781416,instance,informative
0,0.05084745762711862,0.2,0.5111111111111111,0.42857142857142855,0.5792972890511584,0.0,0.4665717734496585,0.9977628635346756,1.0,-1.2626348121979871,instance,informative
0,0.26892605633802824,0.2,0.4727272727272728,0.5714285714285714,0.702945685658035,0.0,0.4857826316585193,0.9977628635346756,1.0,-0.2892944424509643,instance,informative
0,0.05084745762711862,0.4,0.8133333333333334,0.5,0.40772365791730536,1.0,0.5032638419999487,1.0,1.0,1.2825571920115915,instance,informative
0,0.2943262411347518,0.8,0.7329545454545454,0.42857142857142855,0.5102663777135027,0.5,0.47747551715833403,0.9994407158836689,1.0,-0.33449484617009234,instance,informative
0,0.0714285714285714,0.2,0.22807017543859653,0.6071428571428571,0.5819652620895271,0.0,0.4807279936439727,0.9988814317673378,1.0,0.7479429097364542,instance,informative
0,0.0,0.0,0.21590909090909094,0.32142857142857145,0.2678994916843537,0.0,0.4555519659952598,0.9927293064876958,1.0,1.1252473515812118,instance,informative
0,0.0357142857142857,0.2,0.22807017543859653,0.7142857142857143,0.6556771100436973,0.0,0.49088856401918346,0.9994407158836689,1.0,-1.0389040717314488,instance,informative
0,0.11904761904761907,0.2,0.7329545454545454,0.5714285714285714,0.6361728269818506,0.0,0.48716250481458834,0.9983221476510067,1.0,0.10156719645870309,instance,informative
0,0.11594202898550732,0.0,0.31472081218274117,0.35714285714285715,0.4727219289430862,0.0,0.4728464611577239,0.9972035794183445,1.0,0.6557186091185617,instance,informative
0,0.05714285714285716,0.4,0.4727272727272728,0.5714285714285714,0.6212069485448711,0.0,0.4991318016256091,0.9988814317673378,1.0,-0.43492970962295874,instance,informative
0,0.18500000000000005,0.2,0.4727272727272728,0.5714285714285714,0.35022266617206554,0.16666666666666666,0.47588464131488584,0.9988814317673378,1.0,0.5733595550309518,instance,informative
0,0.04285714285714293,0.0,0.6031746031746033,0.4642857142857143,0.5907020555937622,0.0,0.41738346518475045,0.9972035794183445,1.0,0.8148933411004912,instance,informative
0,0.0,0.4,0.4727272727272728,0.4642857142857143,0.3976048747556956,0.0,0.47871920617189434,0.9994407158836689,1.0,0.7568025089539544,instance,informative
0,0.22499999999999998,0.2,0.21590909090909094,0.32142857142857145,0.3752061909654174,0.0,0.48334813252849895,0.9994407158836689,1.0,0.41865114001623627,instance,informative
0,0.038461538461538436,0.2,0.7670250896057348,0.5,0.6160205878144123,0.0,0.4783994555300891,0.9983221476510067,1.0,-1.1040369872252938,instance,informative
0,0.2943181818181818,0.8,0.4285714285714286,0.42857142857142855,0.4499014085272474,1.0,0.5240394241347528,1.0,1.0,-0.14699074183979013,instance,informative
0,0.28915662650602414,0.8,0.673202614379085,0.6071428571428571,0.7199772184637089,0.6666666666666666,0.5101932091150232,1.0,1.0,-0.2846651657213303,instance,informative
0,0.41415662650602414,0.4,0.8333333333333334,0.42857142857142855,0.4599771190770531,0.0,0.4854264155080096,0.9983221476510067,1.0,0.011216269919227941,instance,informative
0,0.0357142857142857,0.2,0.22807017543859653,0.7142857142857143,0.8227433532815702,0.0,0.49612299815923755,0.9994407158836689,1.0,-1.0128819557637465,instance,informative
0,0.7883838383838384,0.4,0.7670250896057348,0.5357142857142857,0.571972177606674,0.5,0.5131142600822372,1.0,1.0,0.8537382555865218,instance,informative
0,0.3214285714285714,0.0,0.7670250896057348,0.32142857142857145,0.6350735820483839,0.0,0.47112166494011587,0.9966442953020134,1.0,-0.3530584104997268,instance,informative
0,0.07692307692307687,0.2,0.7329545454545454,0.7142857142857143,0.6691407717857576,0.0,0.4916127573705247,0.9988814317673378,1.0,-0.4569285850001118,instance,informative
0,0.0,0.2,0.8102564102564103,0.5,0.43661475534754246,0.0,0.4757029432869392,0.9988814317673378,1.0,-0.2856562355687656,instance,informative
0,0.21594202898550718,0.4,0.31034482758620685,0.42857142857142855,0.6529204499928659,1.0,0.517002172075284,1.0,1.0,-0.15252404789273896,instance,informative
0,0.270516717325228,0.6,0.7563218390804598,0.4642857142857143,0.5821699215392522,0.0,0.49653031210848886,0.9994407158836689,1.0,-0.12621040933240632,instance,informative
0,0.41415662650602414,0.4,0.7563218390804598,0.42857142857142855,0.7114163578987981,0.3333333333333333,0.494361159788302,0.9994407158836689,1.0,-0.6053407065786943,instance,informative
0,0.3315789473684211,0.0,0.22807017543859653,0.75,0.532421054646445,0.0,0.44805336817212527,0.9955257270693513,1.0,-0.8283433405019953,instance,informative
0,0.08571428571428563,0.2,0.6363636363636364,0.39285714285714285,0.7341760145624044,0.0,0.47704709149627156,0.9977628635346756,1.0,-0.49378909473640037,instance,informative
1,0.07971014492753625,0.4,0.2329749103942652,0.5357142857142857,0.2105933363748672,0.0,0.4986847339756151,0.9996884735202493,1.0,0.09925024618957,instance,informative
0,0.1217948717948718,0.6,0.22807017543859653,0.7142857142857143,0.6005159567041117,0.2,0.4946971359138258,0.9988814317673378,1.0,0.007306908580922671,instance,informative
0,0.4309352517985612,0.2,0.7329545454545454,0.6071428571428571,0.5128623260022694,0.0,0.48247582549881585,0.9994407158836689,1.0,-0.5657846131154,instance,informative
0,0.26190476190476186,0.6,0.7329545454545454,0.39285714285714285,0.46949911112763487,1.0,0.5114593615639684,1.0,1.0,-0.3674900245892911,instance,informative
1,0.625,0.8,0.2670454545454546,0.75,0.4419953578020902,1.0,0.5009127739383172,1.0,1.0,-0.21173464721122148,instance,informative
0,0.5679347826086957,0.2,0.7670250896057348,0.5714285714285714,0.718277536494709,0.0,0.49002560669035045,0.9988814317673378,1.0,-1.287699968600207,instance,informative
0,0.21099290780141844,0.2,0.7670250896057348,0.32142857142857145,0.7539003379791576,0.0,0.4642521324654505,0.9988814317673378,1.0,-1.53698078892944,instance,informative
0,0.29519230769230775,0.2,0.4727272727272728,0.5714285714285714,0.4765896830779216,0.0,0.48726376212496325,0.9977628635346756,1.0,0.5748030200669383,instance,informative
1,0.781431334622824,0.8,0.6852791878172588,0.32142857142857145,0.3182494281279823,1.0,0.5215135015490668,1.0,1.0,0.36459368790302055,instance,informative
1,0.7872549019607843,1.0,0.7719298245614035,0.5714285714285714,0.7049722748670254,1.0,0.5491269249388793,1.0,1.0,-1.5734881122877193,instance,informative
0,0.25054945054945055,0.0,0.4727272727272728,0.6785714285714286,0.4929853327390509,0.16666666666666666,0.48185405364434497,0.9955257270693513,1.0,0.14293323001570876,instance,informative
0,0.12068965517241381,0.2,0.24637681159420288,0.5714285714285714,0.4214307154684316,0.0,0.49019317028176035,0.9983221476510067,0.975,-0.06490346322454621,instance,informative
0,0.20685111989459815,0.2,0.22807017543859653,0.7142857142857143,0.33456803999919604,0.0,0.4932122725593451,0.9988814317673378,1.0,1.0002963563279967,instance,informative
0,0.10769230769230775,0.2,0.7563218390804598,0.39285714285714285,0.5546073496276427,0.0,0.4999437350537287,0.9994407158836689,1.0,-1.0403859747430444,instance,informative
1,0.7208333333333333,0.6,0.2670454545454546,0.7857142857142857,0.3631165423501551,1.0,0.5217354191859994,1.0,1.0,0.30657387779714146,instance,informative
0,0.12765957446808507,0.4,0.31472081218274117,0.39285714285714285,0.6993128565459242,0.0,0.4813372259420109,0.9988814317673378,1.0,-0.9419860464383645,instance,informative
0,0.0,0.0,0.7563218390804598,0.42857142857142855,0.30187087608379726,0.0,0.4616314431486731,0.9927293064876958,1.0,-0.4208810749615068,instance,informative
0,0.40373563218390807,0.2,0.22807017543859653,0.6071428571428571,0.4411504579761738,0.0,0.4498568194341678,0.9983221476510067,1.0,1.4908468616274932,instance,informative
0,0.1428571428571428,0.4,0.31034482758620685,0.4642857142857143,0.44673106759190484,1.0,0.5146548228218502,1.0,1.0,0.15805560535774532,instance,informative
0,0.0625,0.0,0.31472081218274117,0.35714285714285715,0.5672480529285869,0.0,0.4680607589077743,0.9944071588366891,1.0,-0.41177660050703213,instance,informative
0,0.15999999999999992,0.0,0.4727272727272728,0.6785714285714286,0.40435838148034164,0.0,0.46970475008616575,0.9955257270693513,0.975,-0.08066292194273299,instance,informative
1,0.0,0.8,0.7719298245614035,0.5714285714285714,0.5218053856466263,1.0,0.5043409605644593,1.0,0.975,-0.32668022592412405,instance,informative
0,0.2435897435897436,0.0,0.7563218390804598,0.5357142857142857,0.7825831668894314,0.0,0.4770242894237857,0.9972035794183445,1.0,-1.0551444114250494,instance,informative
0,0.3315789473684211,0.2,0.6031746031746033,0.4642857142857143,0.6007202680520759,0.0,0.4632081356008292,0.9988814317673378,1.0,-0.011112435535903574,instance,informative
0,0.3302277432712215,0.2,0.31472081218274117,0.35714285714285715,0.7960026233297574,1.0,0.5482461885012295,1.0,1.0,-0.6808166420256374,instance,informative
0,0.0625,0.0,0.4285714285714286,0.4642857142857143,0.3008254184640182,0.0,0.42575771813985386,0.993847874720358,1.0,0.904000858485033,instance,informative
0,0.202020202020202,0.6,0.8102564102564103,0.5357142857142857,0.6969018830817664,1.0,0.5033630159726399,1.0,1.0,0.013932977706413878,instance,informative
0,0.038461538461538436,0.6,0.5111111111111111,0.35714285714285715,0.480313281013247,0.0,0.48896576665830094,0.9988814317673378,1.0,0.13604105833530636,instance,informative
0,0.08571428571428563,0.2,0.5763546798029557,0.7142857142857143,0.4684191001524677,0.0,0.48347169191909645,0.9977628635346756,1.0,0.2020910856541034,instance,informative
1,0.6785714285714286,0.8,0.7536231884057971,0.5357142857142857,0.5194338604655919,1.0,0.5256591745084034,1.0,1.0,-0.20861470796521878,instance,informative
0,0.17142857142857149,0.0,0.7670250896057348,0.5,0.3521197144948557,0.0,0.4745223437867172,0.9966442953020134,1.0,0.6735043799693632,instance,informative
0,0.04285714285714293,0.2,0.22807017543859653,0.7142857142857143,0.5999294597519008,1.0,0.502552926190907,1.0,1.0,-0.5718949512067176,instance,informative
0,0.6309352517985611,0.0,0.24637681159420288,0.5714285714285714,0.6905252296815462,0.0,0.4732038657184423,0.9944071588366891,1.0,-0.6211833581843986,instance,informative
0,0.45833333333333337,0.2,0.7563218390804598,0.5357142857142857,0.7184480263162932,1.0,0.5333183892856097,1.0,1.0,-0.02375134560515099,instance,informative
0,0.05555555555555558,0.2,0.22807017543859653,0.7142857142857143,0.7755808453657126,0.0,0.48710104301304824,0.9983221476510067,0.975,0.6331456811719802,instance,informative
0,0.06000000000000005,0.8,0.7329545454545454,0.4642857142857143,0.7334774990484559,0.0,0.49776941718486967,0.9994407158836689,1.0,-0.07422375216414678,instance,informative
1,0.7931488801054019,0.8,0.5272727272727273,0.6785714285714286,0.5730116400081592,1.0,0.5189666412496989,1.0,1.0,0.04684288754665112,instance,informative
0,0.22941176470588232,0.4,0.6363636363636364,0.39285714285714285,0.5507184890614656,0.0,0.47820431808837194,0.9994407158836689,1.0,-0.01422931296217123,instance,informative
0,0.25757575757575757,0.4,0.7670250896057348,0.42857142857142855,0.5059403214154535,0.0,0.48618535097182314,0.9983221476510067,1.0,1.0052704702723012,instance,informative
0,0.7595907928388747,0.4,0.31034482758620685,0.42857142857142855,0.6046974883629784,0.5,0.49436694217206234,0.9994407158836689,1.0,-1.5656635010186788,instance,informative
1,0.7564102564102564,0.6,0.2436781609195402,0.6428571428571429,0.26833934490913347,0.0,0.48551747251894617,0.9996884735202493,1.0,0.6414982198649177,instance,informative
0,0.3204022988505747,0.2,0.6363636363636364,0.39285714285714285,0.6856284182623346,0.0,0.476499691359731,0.9988814317673378,1.0,0.20644342786001513,instance,informative
1,0.7208333333333333,0.6,0.36363636363636365,0.4642857142857143,0.41637914938799014,1.0,0.5345279706518259,1.0,1.0,-0.4892255059946602,instance,informative
0,0.05084745762711862,0.6,0.31472081218274117,0.39285714285714285,0.42752059161813327,0.5,0.5114288033478884,1.0,1.0,0.8881090529216981,instance,informative
0,0.3204022988505747,0.0,0.6363636363636364,0.39285714285714285,0.45716228987133334,0.0,0.4698718732832937,0.9927293064876958,1.0,0.7849414830065844,instance,informative
0,0.0,0.6,0.4727272727272728,0.6785714285714286,0.48954232776076945,0.0,0.48898008905068635,0.9988814317673378,1.0,-0.640677651378611,instance,informative
0,0.26892605633802824,0.2,0.31472081218274117,0.35714285714285715,0.6358877861675857,0.3333333333333333,0.47555531701923615,0.9988814317673378,1.0,0.05720734837753161,instance,informative
0,0.6392712550607287,0.0,0.7670250896057348,0.6428571428571429,0.649033354484552,0.0,0.47250766932448196,0.9960850111856824,1.0,-0.08123926852263887,instance,informative
1,0.7872549019607843,0.8,0.7719298245614035,0.42857142857142855,0.5098555791391249,1.0,0.5177775577475683,1.0,1.0,-0.12311930158220939,instance,informative
0,0.7137014314928425,0.2,0.22807017543859653,0.6071428571428571,0.3936111920374016,0.0,0.48151102992979,0.9983221476510067,1.0,-0.10442693802981796,instance,informative
0,0.06000000000000005,0.0,0.22807017543859653,0.6071428571428571,0.3602168665876796,0.0,0.46734697198387276,0.993847874720358,1.0,0.38751252514926093,instance,informative
0,0.19860139860139858,0.6,0.8333333333333334,0.39285714285714285,0.8054401380250066,1.0,0.5022849712858775,1.0,1.0,-0.8359762723442763,instance,informative
0,0.11594202898550732,0.2,0.4727272727272728,0.6785714285714286,0.4709901129327453,0.0,0.45909978136483,0.9983221476510067,1.0,-0.09780621320014583,instance,informative
0,0.48124098124098125,0.4,0.22807017543859653,0.75,0.7614157682701274,1.0,0.5113503299678417,1.0,1.0,-0.39824371706108536,instance,informative
0,0.11111111111111116,0.0,0.31034482758620685,0.42857142857142855,0.5385617148891514,0.0,0.44310522154337584,0.9966442953020134,1.0,-0.023077145368501226,instance,informative
0,0.6754155730533684,0.2,0.22807017543859653,0.7142857142857143,0.5129020889885382,1.0,0.5029639964025783,1.0,1.0,0.13558958031358423,instance,informative
0,0.040000000000000036,0.0,0.31472081218274117,0.35714285714285715,0.3811892545243648,0.0,0.4668190472861111,0.9960850111856824,1.0,0.5795227862389952,instance,informative
0,0.6392712550607287,0.6,0.4727272727272728,0.5714285714285714,0.4608945788595964,0.5,0.5108690034470889,1.0,1.0,0.03304813871281456,instance,informative
0,0.0,0.0,0.31472081218274117,0.35714285714285715,0.35955468403708746,0.0,0.48402892432842215,0.9949664429530202,1.0,-0.5693245028661879,instance,informative
0,0.2895104895104895,0.0,0.8127272727272727,0.6071428571428571,0.4959176947885603,0.0,0.4658862011627538,0.9910514541387024,1.0,-0.009344385388038012,instance,informative
0,0.040000000000000036,0.2,0.22807017543859653,0.6071428571428571,0.5499595769785823,1.0,0.5035380124103944,1.0,1.0,-0.7267852217000431,instance,informative
0,0.7644927536231885,0.4,0.31472081218274117,0.39285714285714285,0.5587781298234888,1.0,0.5282902844743999,1.0,1.0,0.5997614159553766,instance,informative
0,0.630050505050505,0.6,0.7329545454545454,0.6071428571428571,0.6934484778217492,0.5,0.4818164946477995,0.9994407158836689,1.0,-0.9181079036517293,instance,informative
0,0.0,0.0,0.5111111111111111,0.35714285714285715,0.3770642811544732,0.0,0.4575949265803144,0.993847874720358,1.0,-0.7808823050289724,instance,informative
1,0.7056737588652482,0.8,0.36363636363636365,0.35714285714285715,0.4928962201888139,1.0,0.52878392149593,1.0,1.0,-0.21317170652745596,instance,informative
0,0.729559748427673,0.4,0.7670250896057348,0.35714285714285715,0.5821888649891669,1.0,0.5003455960160521,1.0,1.0,0.006343498188629715,instance,informative
0,0.7649834827748938,0.8,0.8102564102564103,0.5,0.5423750564774351,0.5,0.5191615576960693,1.0,1.0,0.005818016278935249,instance,informative
0,0.2238095238095239,0.4,0.21590909090909094,0.21428571428571427,0.2889516040885467,0.5,0.4869361662621282,0.9988814317673378,1.0,0.29473365583169875,instance,informative
0,0.23817567567567566,0.0,0.7329545454545454,0.5,0.4112147392515486,0.25,0.4821301866209662,0.9960850111856824,1.0,0.5775163672669763,instance,informative
1,0.8595238095238096,1.0,0.39682539682539686,0.42857142857142855,0.6773461442156062,1.0,0.537999898904479,1.0,1.0,-2.1603953114750585,instance,informative
0,0.0714285714285714,0.2,0.4727272727272728,0.5357142857142857,0.5182311655008939,0.0,0.4809788181258724,0.9983221476510067,1.0,0.30536670932326726,instance,informative
1,0.7333333333333334,1.0,0.6852791878172588,0.32142857142857145,0.5322462658212638,1.0,0.5662848742881715,1.0,1.0,0.015682777981770833,instance,informative
0,0.23817567567567566,0.2,0.21590909090909094,0.32142857142857145,0.27924644674659316,0.0,0.4798104992328469,0.9977628635346756,1.0,0.7255534822444538,instance,informative
0,0.11594202898550732,0.2,0.4727272727272728,0.6785714285714286,0.3457926239423683,0.0,0.449907750469001,0.9977628635346756,1.0,0.29628501724666223,instance,informative
0,0.05084745762711862,0.4,0.6363636363636364,0.39285714285714285,0.5842319588106546,0.5,0.5014980963189617,1.0,1.0,-0.8884138220583265,instance,informative
0,0.37765957446808507,0.2,0.22807017543859653,0.7142857142857143,0.4593468494358666,0.0,0.4882152830760824,0.9977628635346756,1.0,0.5842147422961542,instance,informative
0,0.11250000000000004,0.4,0.21590909090909094,0.32142857142857145,0.32613923112145216,0.0,0.4827176450803523,0.9983221476510067,1.0,1.2522474441173068,instance,informative
1,0.7056818181818182,1.0,0.39682539682539686,0.39285714285714285,0.3681872883796018,1.0,0.5548400639545463,1.0,1.0,0.1479116111410648,instance,informative
0,0.3706896551724138,0.2,0.6031746031746033,0.42857142857142855,0.551406950388162,1.0,0.5523808246781292,1.0,1.0,1.0853064679300062,instance,informative
0,0.08571428571428563,0.0,0.7670250896057348,0.32142857142857145,0.7305224918532963,0.0,0.47245330440648026,0.9972035794183445,1.0,-1.3526802553837387,instance,informative
1,0.2195652173913043,0.6,0.2329749103942652,0.5357142857142857,0.3493658216568395,0.0,0.4968571100982839,0.9996884735202493,1.0,0.5006121019202302,instance,informative
0,0.7228260869565217,0.8,0.5763546798029557,0.7142857142857143,0.8107436997615478,0.0,0.4975674979422703,0.9994407158836689,1.0,-0.7783776035407677,instance,informative
0,0.12698412698412698,0.6,0.6031746031746033,0.42857142857142855,0.5053692684635916,0.2,0.4812834793915186,0.9988814317673378,1.0,0.9434067709998692,instance,informative
0,0.26892605633802824,0.6,0.6363636363636364,0.39285714285714285,0.7217838990523681,1.0,0.5069963460149707,1.0,1.0,-0.4656910108972412,instance,informative
0,0.0357142857142857,0.4,0.6363636363636364,0.39285714285714285,0.7177482066922651,0.0,0.47132640163645256,0.9983221476510067,1.0,-0.3921618483195173,instance,informative
0,0.038461538461538436,0.4,0.7563218390804598,0.42857142857142855,0.3045662367580104,0.0,0.4938364104871261,0.9994407158836689,1.0,-0.04192415894861135,instance,informative
0,0.4841897233201581,0.2,0.6363636363636364,0.42857142857142855,0.606318755692519,0.0,0.4809226281126492,0.9977628635346756,1.0,-0.4763095176363586,instance,informative
0,0.11250000000000004,0.4,0.31472081218274117,0.35714285714285715,0.363921038240861,0.0,0.4769485500311379,0.9983221476510067,1.0,0.3987961293174068,instance,informative
0,0.25054945054945055,0.0,0.22807017543859653,0.7142857142857143,0.42075397454673513,0.0,0.46660749022663983,0.9960850111856824,1.0,0.34018975430238874,instance,informative
1,0.8392857142857143,1.0,0.48888888888888893,0.6785714285714286,0.664675788751385,1.0,0.5274179222105857,1.0,1.0,-1.2687223973529351,instance,informative
0,0.09090909090909083,0.2,0.22807017543859653,0.5,0.4011709714351168,0.3333333333333333,0.514407699104714,1.0,1.0,1.1602405020767494,instance,informative
0,0.25757575757575757,0.0,0.13559322033898302,0.17857142857142858,0.35050621364438794,0.0,0.46509620237779126,0.9966442953020134,1.0,1.2877932782762158,instance,informative
0,0.21099290780141844,0.4,0.7563218390804598,0.5,0.7497456347520851,0.0,0.48056287574881307,0.9994407158836689,1.0,-1.062826486490009,instance,informative
0,0.3204022988505747,0.4,0.7329545454545454,0.5714285714285714,0.4467794271445613,0.0,0.494486295832091,0.9983221476510067,1.0,0.01720590430189506,instance,informative
0,0.45833333333333337,0.8,0.21590909090909094,0.32142857142857145,0.45167248808367527,1.0,0.5055159527543212,1.0,1.0,0.4210732598030619,instance,informative
0,0.05555555555555558,0.0,0.6031746031746033,0.42857142857142855,0.7267012385123777,0.0,0.43129892165224937,0.9972035794183445,1.0,0.6499125409698242,instance,informative
1,0.7364532019704433,0.8,0.2329749103942652,0.32142857142857145,0.44856950570419063,1.0,0.5147461582164015,1.0,1.0,-0.7631953063798999,instance,informative
0,0.0,0.2,0.5111111111111111,0.35714285714285715,0.6456819716165735,0.0,0.48880621314411987,0.9994407158836689,1.0,-0.22698167364346974,instance,informative
0,0.661734693877551,0.4,0.8333333333333334,0.5714285714285714,0.6404707556493912,0.0,0.48954390624717403,0.9988814317673378,1.0,-1.0531552318314559,instance,informative
0,0.18214285714285716,0.0,0.31472081218274117,0.35714285714285715,0.2940278266883455,0.0,0.4621633247301725,0.9972035794183445,1.0,2.1398591703721768,instance,informative
0,0.22023809523809523,0.0,0.4285714285714286,0.4642857142857143,0.4641474557938788,0.0,0.45739450502665824,0.9960850111856824,1.0,0.8892644200011296,instance,informative
0,0.17142857142857149,0.0,0.4285714285714286,0.4642857142857143,0.3964191750044579,0.0,0.4532541942088093,0.9955257270693513,1.0,1.4123386209732913,instance,informative
0,0.41415662650602414,0.0,0.7563218390804598,0.39285714285714285,0.5516972206610091,0.0,0.4366349613776007,0.9955257270693513,1.0,-0.10910505376401562,instance,informative
0,0.4914792092706203,0.0,0.6363636363636364,0.5357142857142857,0.5906169853473928,0.0,0.45155154105356365,0.9966442953020134,1.0,0.19316012693371853,instance,informative
0,0.44666666666666666,0.2,0.21590909090909094,0.32142857142857145,0.2985277462468181,0.0,0.48778794530084646,0.9983221476510067,1.0,1.9870645888673062,instance,informative
0,0.2206896551724138,0.0,0.24637681159420288,0.5714285714285714,0.551329381327334,0.0,0.46878139843987177,0.9955257270693513,1.0,-0.39783236898572616,instance,informative
0,0.0,0.2,0.22807017543859653,0.7142857142857143,0.5111585452630211,0.0,0.47927793824542764,0.9977628635346756,1.0,1.3399862433680179,instance,informative
0,0.6224899598393574,0.4,0.8102564102564103,0.5357142857142857,0.6338227034523348,0.0,0.48029128528924736,0.9994407158836689,1.0,-0.28215562229490065,instance,informative
0,0.33673469387755106,0.2,0.31472081218274117,0.35714285714285715,0.5294168034472939,0.0,0.4613340459559977,0.9983221476510067,1.0,0.28891090427996224,instance,informative
0,0.17142857142857149,0.4,0.4727272727272728,0.4642857142857143,0.646180414408489,0.0,0.4985028055417199,0.9988814317673378,1.0,-0.9283297539091924,instance,informative
1,0.16161616161616155,0.2,0.2670454545454546,0.5357142857142857,0.21219835709937962,0.0,0.48653483596277813,0.9993769470404984,1.0,0.8349084030095587,instance,informative
0,0.3204022988505747,0.6,0.5763546798029557,0.7142857142857143,0.4107426475680038,0.3333333333333333,0.5206455693752376,1.0,1.0,-0.00518471765980769,instance,informative
0,0.7375886524822695,0.4,0.8127272727272727,0.5,0.4532871483828528,0.0,0.48785073441275273,0.9983221476510067,1.0,-0.16213962828736672,instance,informative
1,0.12872628726287272,0.8,0.6852791878172588,0.35714285714285715,0.4566078402569677,1.0,0.516700799280671,1.0,1.0,-0.21152748845660038,instance,informative
0,0.743343653250774,0.2,0.5763546798029557,0.5357142857142857,0.6254453937597885,0.0,0.49628695104747533,0.9994407158836689,1.0,-0.21596223870178655,instance,informative
0,0.2127450980392156,0.4,0.8333333333333334,0.8571428571428571,0.6659568439993876,0.0,0.4844058952258494,0.9994407158836689,1.0,-0.32159863427184743,instance,informative
1,0.7923076923076923,0.4,0.18666666666666665,0.5,0.4334572916726641,0.5,0.49405971122453285,0.9996884735202493,1.0,-0.1600016580895888,instance,informative
0,0.22941176470588232,0.2,0.7329545454545454,0.6071428571428571,0.6464178608881179,0.0,0.47368900665409386,0.9988814317673378,0.975,1.1802400207385466,instance,informative
0,0.16805555555555562,0.4,0.22807017543859653,0.7142857142857143,0.5801891604534414,0.5,0.5038575768123661,1.0,1.0,0.7448369104720121,instance,informative
0,0.07692307692307687,0.0,0.7329545454545454,0.42857142857142855,0.6778035798457842,0.0,0.47203146686062003,0.9955257270693513,1.0,-0.17804485727978978,instance,informative
0,0.0625,0.4,0.6363636363636364,0.2857142857142857,0.7094252123436813,1.0,0.5321529374403361,1.0,1.0,-1.2755316408771264,instance,informative
0,0.06000000000000005,0.0,0.13559322033898302,0.17857142857142858,0.531246729195752,0.0,0.4892824628817093,0.9972035794183445,0.975,-0.9253179584274038,instance,informative
0,0.18500000000000005,0.8,0.7563218390804598,0.39285714285714285,0.4275797216551067,1.0,0.5070309908426309,1.0,1.0,0.056987101330604105,instance,informative
0,0.25054945054945055,0.0,0.7563218390804598,0.39285714285714285,0.5047345125572144,0.0,0.47580145911763416,0.9966442953020134,0.975,-1.3050175910233826,instance,informative
0,0.4188871473354232,0.2,0.31472081218274117,0.39285714285714285,0.30384813420107226,0.0,0.48705272158927204,0.9977628635346756,1.0,0.7827704793947842,instance,informative
1,0.5873239436619718,0.8,0.7536231884057971,0.35714285714285715,0.41725973744691985,1.0,0.5034647831165597,1.0,1.0,0.6609871358768838,instance,informative
0,0.3466666666666667,0.2,0.22807017543859653,0.7142857142857143,0.5037793588557684,0.0,0.4745337590249086,0.9977628635346756,1.0,0.39461879466438,instance,informative
0,0.4565789473684211,0.2,0.22807017543859653,0.7142857142857143,0.3304373116144041,1.0,0.5063721955832703,1.0,1.0,1.6456217270853852,instance,informative
0,0.10769230769230775,0.4,0.4727272727272728,0.6785714285714286,0.7034976331532098,0.25,0.5007090065870654,1.0,1.0,-0.7786408432307524,instance,informative
0,0.05714285714285716,0.0,0.4285714285714286,0.4642857142857143,0.5426999720270512,0.2857142857142857,0.4609695856128315,0.9972035794183445,1.0,-0.23884674632293942,instance,informative
0,0.28915662650602414,0.2,0.22807017543859653,0.7142857142857143,0.6321664544678091,0.2,0.4956253351587008,0.9994407158836689,1.0,-0.04920453210567026,instance,informative
0,0.7377450980392157,0.4,0.31472081218274117,0.32142857142857145,0.6354437576096562,0.6666666666666666,0.5024306271388903,1.0,1.0,-0.09717547868732519,instance,informative
0,0.19090909090909092,0.4,0.22807017543859653,0.75,0.29960207873928935,0.0,0.4681651857874306,0.9983221476510067,1.0,1.4111313375281807,instance,informative
0,0.4870689655172413,0.4,0.24637681159420288,0.5714285714285714,0.30390000408463685,0.0,0.4942568505829754,0.9994407158836689,1.0,1.36738544093299,instance,informative
0,0.2053571428571428,0.0,0.7563218390804598,0.5357142857142857,0.4076421180742572,0.0,0.47265910178277426,0.9960850111856824,1.0,0.0947292409818793,instance,informative
1,0.8730769230769231,1.0,0.7719298245614035,0.75,0.6909811205765992,1.0,0.5447736443196136,1.0,1.0,-1.8968032357144027,instance,informative
0,0.8076923076923077,0.6,0.6031746031746033,0.42857142857142855,0.7207891564258725,0.3333333333333333,0.5155313543810546,1.0,1.0,-1.2981474044960135,instance,informative
0,0.11267605633802824,0.2,0.24637681159420288,0.5714285714285714,0.5340010816124622,0.0,0.4935756264042397,0.9988814317673378,1.0,-0.2435123642818302,instance,informative
0,0.17142857142857149,0.4,0.4727272727272728,0.5714285714285714,0.6292770959396508,0.0,0.4960414777714185,0.9994407158836689,1.0,-0.6239302598795733,instance,informative
1,0.6293103448275862,0.8,0.18974358974358974,0.6785714285714286,0.3913543262532677,1.0,0.5412854906683353,1.0,1.0,-0.729662207131255,instance,informative
0,0.32696177062374243,0.0,0.24637681159420288,0.5357142857142857,0.49232555512665355,0.2,0.4128128838044368,0.9972035794183445,1.0,0.23496751727331242,instance,informative
0,0.33673469387755106,0.6,0.7329545454545454,0.42857142857142855,0.6638495496252829,0.0,0.4978880321543597,0.9994407158836689,1.0,-0.6046598199513458,instance,informative
1,0.8782051282051282,0.8,0.7719298245614035,0.6785714285714286,0.27753840759843174,1.0,0.5233209645850923,1.0,1.0,0.9698313418083384,instance,informative
0,0.05555555555555558,0.4,0.22807017543859653,0.6071428571428571,0.40253019058612527,0.0,0.49487003633301874,0.9988814317673378,1.0,-0.7909970532434613,instance,informative
1,0.8730769230769231,0.8,0.5272727272727273,0.5,0.464772980272395,1.0,0.515318648121059,1.0,1.0,0.9385198249457366,instance,informative
0,0.12765957446808507,0.2,0.6363636363636364,0.39285714285714285,0.6401666343553076,0.0,0.44964672441635467,0.9977628635346756,1.0,-0.4668971934000992,instance,informative
0,0.6702898550724637,0.6,0.4727272727272728,0.5357142857142857,0.7150439349368474,1.0,0.5121318702853526,1.0,1.0,-0.5852320551321124,instance,informative
1,0.7424242424242424,0.6,0.7840909090909091,0.25,0.5562153768172309,1.0,0.5098945377584401,1.0,1.0,0.3623968412992023,instance,informative
0,0.05084745762711862,0.4,0.5111111111111111,0.42857142857142855,0.44179820894067234,0.0,0.48736135787072976,0.9988814317673378,0.975,-0.633924980192625,instance,informative
1,0.7729468599033816,0.8,0.18974358974358974,0.6071428571428571,0.3062322851471063,1.0,0.5104963219707368,1.0,1.0,0.5372494530159463,instance,informative
0,0.12765957446808507,0.0,0.22807017543859653,0.7142857142857143,0.35905268681927305,0.0,0.46503367796159933,0.9972035794183445,1.0,0.5500264704433772,instance,informative
0,0.0357142857142857,0.0,0.7329545454545454,0.5357142857142857,0.7940759917282288,0.0,0.475100626978357,0.9960850111856824,1.0,-1.6108756251318816,instance,informative
1,0.5690647482014388,0.6,0.5272727272727273,0.5714285714285714,0.3397110054229574,0.75,0.4902937104679671,0.9996884735202493,1.0,0.22623074735848547,instance,informative
0,0.0,0.0,0.24637681159420288,0.5714285714285714,0.4742828140432148,0.0,0.4826024685400059,0.9944071588366891,1.0,-1.0958611839446908,instance,informative
0,0.5050505050505051,0.2,0.6363636363636364,0.35714285714285715,0.5035796995518064,0.0,0.48847528625132364,0.9983221476510067,1.0,-0.6569309790005682,instance,informative
0,0.0,0.2,0.6363636363636364,0.39285714285714285,0.7687179319821604,0.0,0.4993057343435072,0.9994407158836689,0.95,-1.4423495909259707,instance,informative
1,0.6730382293762576,0.8,0.7536231884057971,0.5357142857142857,0.5847906754951144,1.0,0.5053865213920983,1.0,1.0,-0.943493911783169,instance,informative
0,0.202020202020202,0.2,0.22807017543859653,0.6071428571428571,0.3702382043355431,0.0,0.4771941353412942,0.9977628635346756,1.0,1.0004133305225174,instance,informative
0,0.23706896551724133,0.2,0.5763546798029557,0.7142857142857143,0.5553941451948198,0.0,0.4575982174639568,0.9977628635346756,1.0,-1.9295673982130446,instance,informative
0,0.19090909090909092,0.2,0.7329545454545454,0.42857142857142855,0.44704728998155885,1.0,0.5040568724672194,1.0,1.0,0.11315838166166509,instance,informative
0,0.4188871473354232,0.2,0.21590909090909094,0.32142857142857145,0.3514130439344302,0.0,0.4398443444832725,0.9983221476510067,1.0,0.22163485476255157,instance,informative
0,0.17107843137254908,0.0,0.24637681159420288,0.5714285714285714,0.30701589486903147,0.0,0.48270917573046956,0.9960850111856824,1.0,0.8832308623511149,instance,informative
1,0.7931488801054019,1.0,0.2670454545454546,0.5,0.7103762268471773,1.0,0.5110679567931389,1.0,1.0,-1.2502321471428204,instance,informative
0,0.09090909090909083,0.8,0.7329545454545454,0.6071428571428571,0.7054052751099267,1.0,0.5196569111666978,1.0,1.0,-0.6104623207802914,instance,informative
0,0.2053571428571428,0.0,0.24637681159420288,0.5714285714285714,0.33505267846800446,0.0,0.4415875995524693,0.9927293064876958,1.0,1.2865534324444339,instance,informative
0,0.11250000000000004,0.6,0.31472081218274117,0.35714285714285715,0.4632879285155983,0.0,0.48265765085453105,0.9994407158836689,1.0,0.4430118210391029,instance,informative
0,0.1166666666666667,0.4,0.7329545454545454,0.4642857142857143,0.6407381607286157,0.0,0.4928508293793189,0.9994407158836689,1.0,-0.6230069757637611,instance,informative
1,0.5873239436619718,0.8,0.5272727272727273,0.5714285714285714,0.3909291181296173,1.0,0.5322986334958173,1.0,1.0,0.6879739283308208,instance,informative
0,0.17142857142857149,0.4,0.5111111111111111,0.35714285714285715,0.5059677680941657,0.5,0.5092425113834229,1.0,1.0,1.0772704534003283,instance,informative
0,0.25054945054945055,0.0,0.31472081218274117,0.39285714285714285,0.4932209941221413,0.0,0.4737606910902874,0.9972035794183445,1.0,-0.05626358450769192,instance,informative
0,0.10769230769230775,0.4,0.8127272727272727,0.5,0.5979007712226139,0.0,0.49950717794308375,0.9988814317673378,1.0,0.38365779114405874,instance,informative
0,0.667608286252354,0.6,0.6363636363636364,0.42857142857142855,0.6245529504349984,0.0,0.4884589751984496,0.9994407158836689,1.0,-0.6588398778937532,instance,informative
0,0.17567567567567566,0.4,0.5111111111111111,0.42857142857142855,0.6574710060532561,0.0,0.4999629428823087,0.9994407158836689,0.975,1.479633196490658,instance,informative
1,0.6223404255319149,0.6,0.326797385620915,0.5714285714285714,0.4555890413551764,1.0,0.523668846965736,1.0,1.0,0.6362263549966181,instance,informative
0,0.4870689655172413,0.6,0.24637681159420288,0.5714285714285714,0.5817030644065628,0.3333333333333333,0.5231125631791068,1.0,1.0,-1.0884800140574453,instance,informative
1,0.5690647482014388,1.0,0.2436781609195402,0.35714285714285715,0.26284544094282936,1.0,0.534320173773681,1.0,1.0,-0.31088673141846124,instance,informative
0,0.26892605633802824,0.4,0.22807017543859653,0.7142857142857143,0.6261353074417529,1.0,0.5121443300275497,1.0,1.0,0.09830548343838703,instance,informative
0,0.04285714285714293,0.0,0.24637681159420288,0.5357142857142857,0.42251170714570874,0.5,0.4640471315357756,0.9972035794183445,1.0,0.19067747586188374,instance,informative
0,0.0625,0.2,0.7563218390804598,0.39285714285714285,0.7904915976857936,0.0,0.47472119265010604,0.9983221476510067,1.0,-1.2770279357111036,instance,informative
0,0.5679347826086957,0.6,0.5763546798029557,0.7142857142857143,0.7610394142732492,0.4,0.4928877398775726,0.9994407158836689,1.0,-0.9700738092980746,instance,informative
0,0.11111111111111116,0.2,0.21590909090909094,0.32142857142857145,0.6208643795855483,0.0,0.42374351737373117,0.9983221476510067,1.0,0.4782821076185794,instance,informative
0,0.0,0.0,0.5111111111111111,0.6071428571428571,0.5669342167681517,0.0,0.4732929260212826,0.9972035794183445,0.95,-0.22591350901084414,instance,informative
1,0.8090909090909091,0.8,0.864406779661017,0.17857142857142858,0.6848937439889751,1.0,0.5669815390786638,1.0,1.0,-0.09616579665976,instance,informative
0,0.09401709401709402,0.2,0.7670250896057348,0.32142857142857145,0.7740676704352059,0.0,0.494128014833781,0.9988814317673378,1.0,-0.328333979258113,instance,informative
0,0.12227602905569013,0.2,0.7670250896057348,0.5357142857142857,0.5168336064353881,1.0,0.5170455502293909,1.0,1.0,-0.3822111548283507,instance,informative
0,0.040000000000000036,0.2,0.75,0.17857142857142858,0.34035975923600337,0.5,0.5084437516622857,1.0,1.0,0.7048720453925384,instance,informative
0,0.17567567567567566,0.0,0.31472081218274117,0.35714285714285715,0.5052735307573581,0.0,0.45104172523294106,0.9949664429530202,1.0,0.6316727414669394,instance,informative
1,0.2690288713910761,0.4,0.326797385620915,0.6071428571428571,0.2864233292196102,0.0,0.4852335354877618,0.9993769470404984,1.0,0.692379875740738,instance,informative
0,0.04285714285714293,0.2,0.31034482758620685,0.42857142857142855,0.4310012650668663,0.5,0.5027459230462141,1.0,1.0,-0.2992944017219133,instance,informative
0,0.3466666666666667,0.2,0.6363636363636364,0.39285714285714285,0.7927629609723721,0.0,0.4883686266910007,0.9977628635346756,1.0,-1.2234248544364927,instance,informative
0,0.22023809523809523,0.2,0.24637681159420288,0.5714285714285714,0.6887652966177514,0.0,0.46170240508321736,0.9983221476510067,1.0,-0.23063573056405504,instance,informative
0,0.3204022988505747,0.2,0.24637681159420288,0.5714285714285714,0.45169631807478783,0.0,0.48491990426043885,0.9988814317673378,1.0,0.17913728277076527,instance,informative
0,0.0,0.0,0.4285714285714286,0.4642857142857143,0.32653085744588006,0.0,0.4612247871088129,0.9932885906040269,1.0,1.7863217662559423,instance,informative
0,0.19191176470588234,0.4,0.4727272727272728,0.6785714285714286,0.4343921814332967,0.5,0.5005903375870748,1.0,1.0,0.6681084587198235,instance,informative
0,0.28260869565217395,0.8,0.5763546798029557,0.7142857142857143,0.6459116257746595,0.5,0.5043690984144713,1.0,1.0,-0.6907115009848943,instance,informative
0,0.0714285714285714,0.2,0.24637681159420288,0.5357142857142857,0.558619353278665,0.0,0.481972805171646,0.9977628635346756,0.975,0.6570141437827111,instance,informative
0,0.6166495375128469,0.4,0.31034482758620685,0.42857142857142855,0.4532450578029349,0.0,0.49451032601642175,0.9994407158836689,0.975,-0.30797867726753764,instance,informative
0,0.17107843137254908,0.2,0.22807017543859653,0.7142857142857143,0.3718288259727299,0.2857142857142857,0.46703162642958496,0.9977628635346756,1.0,0.728547576379317,instance,informative
0,0.04285714285714293,0.4,0.24637681159420288,0.5714285714285714,0.468481508195548,0.3333333333333333,0.5143073725251592,1.0,1.0,-0.16940106028803142,instance,informative
0,0.2895104895104895,0.2,0.5763546798029557,0.5714285714285714,0.4766645150546509,0.5,0.4601465541130184,0.9994407158836689,1.0,-0.8455858370111445,instance,informative
1,0.7976190476190477,1.0,0.7719298245614035,0.5714285714285714,0.4713980129072604,1.0,0.5129786297676879,1.0,1.0,-0.37248485483248844,instance,informative
0,0.12692307692307692,0.4,0.7563218390804598,0.35714285714285715,0.44814471922179067,0.0,0.49660512770123044,0.9994407158836689,1.0,0.7281169503245313,instance,informative
1,0.7173913043478262,0.8,0.2670454545454546,0.7857142857142857,0.44558111225415387,1.0,0.5252689193912765,1.0,1.0,0.4419477628948793,instance,informative
0,0.125,0.2,0.13559322033898302,0.17857142857142858,0.3442860245578582,0.0,0.47576355979360785,0.9988814317673378,1.0,1.4548537153086583,instance,informative
1,0.40578817733990147,0.8,0.18727272727272726,0.6071428571428571,0.5090717095546539,0.8,0.5109357297157776,1.0,1.0,0.053442701252691044,instance,informative
0,0.0714285714285714,0.2,0.24637681159420288,0.5714285714285714,0.4396067570580361,0.0,0.4900189056491958,0.9994407158836689,0.975,-0.7644197604032422,instance,informative
0,0.05555555555555558,0.4,0.8133333333333334,0.39285714285714285,0.3127257661401198,0.0,0.4806870127930233,0.9988814317673378,1.0,1.5515186287213691,instance,informative
0,0.48124098124098125,0.4,0.22807017543859653,0.6071428571428571,0.7662642815720663,0.0,0.49653395015277824,0.9994407158836689,1.0,-1.5725416774941963,instance,informative
0,0.18803418803418803,0.2,0.6363636363636364,0.39285714285714285,0.5756966894758119,0.0,0.46566863009176385,0.9977628635346756,1.0,-0.04216229323199486,instance,informative
0,0.04285714285714293,0.0,0.24637681159420288,0.5714285714285714,0.30033581563273126,0.0,0.4825557918704605,0.9960850111856824,1.0,1.102860700001967,instance,informative
1,0.8158953722334004,0.8,0.36363636363636365,0.4642857142857143,0.4664391184124619,1.0,0.5113665769862032,1.0,1.0,-0.7850158195907846,instance,informative
1,0.22652757078986585,0.2,0.7719298245614035,0.6428571428571429,0.3070110706746947,0.5,0.4714095227497819,0.9990654205607477,1.0,-0.45589924584984554,instance,informative
0,0.040000000000000036,0.2,0.673202614379085,0.4642857142857143,0.31889253579431964,0.0,0.499045871308171,0.9994407158836689,1.0,0.9495716448577735,instance,informative
0,0.4870689655172413,0.4,0.24637681159420288,0.5714285714285714,0.3269679207241537,1.0,0.5171871030769309,1.0,1.0,0.23850485234617153,instance,informative
0,0.2895104895104895,0.4,0.5763546798029557,0.7142857142857143,0.6857084546303627,0.5555555555555556,0.5028546951343286,1.0,1.0,-0.4442734073453292,instance,informative
0,0.19090909090909092,0.4,0.7670250896057348,0.32142857142857145,0.3824011483365446,0.5,0.5077921431722239,1.0,1.0,0.4757085233915008,instance,informative
0,0.8328267477203648,0.6,0.7563218390804598,0.39285714285714285,0.7546075311027258,1.0,0.5085741419013471,1.0,1.0,-1.4942686020403297,instance,informative
1,0.5085207907293796,0.6,0.2329749103942652,0.5357142857142857,0.21231800873432505,1.0,0.5301457336742494,1.0,1.0,1.6157047217309157,instance,informative
0,0.05084745762711862,0.2,0.7563218390804598,0.39285714285714285,0.5661618085788569,0.0,0.4831270164985798,0.9983221476510067,1.0,0.34923224580265033,instance,informative
0,0.8324175824175823,0.0,0.7329545454545454,0.42857142857142855,0.6475713513357197,0.0,0.4528432191421403,0.9966442953020134,1.0,0.17913080999370745,instance,informative
0,0.6444270015698588,0.4,0.7563218390804598,0.6785714285714286,0.6603648696516449,0.3333333333333333,0.49128827692163446,0.9994407158836689,1.0,0.09603137189813071,instance,informative
0,0.37765957446808507,0.2,0.22807017543859653,0.6071428571428571,0.5702456770876368,0.3333333333333333,0.4525959101053062,0.9977628635346756,1.0,0.5664499089292895,instance,informative
1,0.6021021021021021,0.8,0.18727272727272726,0.75,0.2861948200408597,1.0,0.5385388147684995,1.0,1.0,0.7138929279919347,instance,informative
0,0.05555555555555558,0.4,0.22807017543859653,0.7142857142857143,0.36358809807971615,0.0,0.4795129228908874,0.9988814317673378,1.0,1.0172040040508357,instance,informative
0,0.10769230769230775,0.4,0.5763546798029557,0.6785714285714286,0.3961105265641329,0.0,0.49730835109629323,0.9994407158836689,1.0,1.5000754096991897,instance,informative
0,0.2635467980295567,0.4,0.4727272727272728,0.7142857142857143,0.5284387592961429,0.25,0.48592309207626805,0.9988814317673378,1.0,0.5785376130425678,instance,informative
0,0.12692307692307692,0.2,0.22807017543859653,0.7142857142857143,0.4379739240428603,0.16666666666666666,0.49352337489963827,0.9994407158836689,1.0,0.6999460510011825,instance,informative
0,0.16500000000000004,0.0,0.7563218390804598,0.5,0.7153302623531747,0.0,0.48562929611473393,0.9960850111856824,1.0,0.10142456874681655,instance,informative
1,0.873015873015873,0.6,0.2670454545454546,0.5714285714285714,0.4765059189452847,0.5,0.47987499506649334,0.9993769470404984,1.0,-0.2954007038377728,instance,informative
0,0.39789789789789787,0.4,0.5111111111111111,0.5,0.698861206233136,0.0,0.48155716516149616,0.9988814317673378,1.0,-0.13957396048658097,instance,informative
0,0.05555555555555558,0.0,0.5763546798029557,0.7142857142857143,0.7560044573481793,0.0,0.4704448567982926,0.9932885906040269,1.0,0.21566360249244418,instance,informative
0,0.12765957446808507,0.0,0.8333333333333334,0.5714285714285714,0.5307380007319102,0.0,0.44130851376651736,0.9944071588366891,1.0,0.34475779389152167,instance,informative
0,0.21099290780141844,0.2,0.31472081218274117,0.35714285714285715,0.6551436982537538,0.25,0.51379814315355,1.0,1.0,-0.37159437080606844,instance,informative
0,0.038461538461538436,0.4,0.31034482758620685,0.42857142857142855,0.410354277753994,0.5,0.49801848557953543,0.9994407158836689,1.0,-0.5429618506442769,instance,informative
1,0.6483660130718955,0.6,0.6896551724137931,0.42857142857142855,0.3923010062406096,0.6,0.4924972076881664,0.9996884735202493,1.0,0.10280819663067885,instance,informative
0,0.17142857142857149,0.2,0.7563218390804598,0.39285714285714285,0.4347566264352406,0.0,0.4852038283532242,0.9994407158836689,1.0,1.2047062458030127,instance,informative
0,0.35163398692810455,0.6,0.22807017543859653,0.7142857142857143,0.4708018258600112,0.0,0.47491082819047836,0.9994407158836689,1.0,0.8480942129174265,instance,informative
0,0.41415662650602414,0.2,0.31034482758620685,0.42857142857142855,0.6339500951408326,1.0,0.5308814471377006,1.0,1.0,-0.3036815764242365,instance,informative
0,0.1166666666666667,0.6,0.8127272727272727,0.42857142857142855,0.4990505181103929,1.0,0.5044618770355439,1.0,1.0,-0.41906577331255956,instance,informative
0,0.0,0.2,0.4727272727272728,0.5714285714285714,0.4058841941899959,1.0,0.5129793746329169,1.0,1.0,-0.369308618809993,instance,informative
1,0.7424242424242424,1.0,0.6852791878172588,0.32142857142857145,0.7228910330179402,1.0,0.5224230783626623,1.0,1.0,-2.039854476843619,instance,informative
0,0.20192307692307687,0.0,0.22807017543859653,0.7142857142857143,0.43938094250117354,0.0,0.45208616489038,0.9966442953020134,1.0,1.7047682315936872,instance,informative
0,0.3214285714285714,0.2,0.4285714285714286,0.4642857142857143,0.41500126633357404,0.5,0.5211630497683274,1.0,1.0,0.42541454926794375,instance,informative
1,0.0,1.0,0.864406779661017,0.17857142857142858,0.7396165541714141,1.0,0.5341396920001837,1.0,0.95,-2.3049530963331684,instance,informative
0,0.1428571428571428,0.2,0.31034482758620685,0.42857142857142855,0.3827137985103988,0.0,0.49007816438679863,0.9994407158836689,1.0,0.04575240402145553,instance,informative
0,0.05555555555555558,0.2,0.6031746031746033,0.4642857142857143,0.5858333644360815,0.0,0.48510696745902604,0.9988814317673378,1.0,0.4205727400641728,instance,informative
0,0.05084745762711862,0.2,0.4285714285714286,0.4642857142857143,0.46756820557006396,0.25,0.48038418126954674,0.9983221476510067,1.0,-0.05263740102762585,instance,informative
0,0.0625,0.2,0.24637681159420288,0.39285714285714285,0.5059414584900573,0.5,0.46851588648818543,0.9994407158836689,1.0,-0.31111345614365743,instance,informative
1,0.3339176161262051,0.4,0.6852791878172588,0.39285714285714285,0.41253467539360245,0.0,0.49637322717089716,0.9996884735202493,1.0,1.5189523134629106,instance,informative
0,0.0,0.2,0.22807017543859653,0.7142857142857143,0.3732355374714399,0.0,0.49553163630341523,0.9988814317673378,0.975,0.16049378190767327,instance,informative
0,0.5370689655172414,0.0,0.7563218390804598,0.39285714285714285,0.7300168278085606,0.0,0.4686825050167396,0.9966442953020134,1.0,-1.8989549256832159,instance,informative
1,0.3119218910585817,0.4,0.2436781609195402,0.39285714285714285,0.18305428457722428,0.6666666666666666,0.504569816177587,1.0,1.0,0.42234979903106495,instance,informative
0,0.06000000000000005,0.6,0.21590909090909094,0.32142857142857145,0.5206930324373826,0.5,0.5092870509779448,1.0,1.0,-0.3065343025234543,instance,informative
0,0.07692307692307687,0.2,0.7329545454545454,0.6071428571428571,0.5249392143899096,0.0,0.4975353122595112,0.9983221476510067,1.0,0.8720533142995138,instance,informative
0,0.7375109553023663,0.6,0.31472081218274117,0.32142857142857145,0.5411501209384612,0.3333333333333333,0.5075155416400662,1.0,1.0,0.48647986373877494,instance,informative
0,0.270516717325228,0.4,0.7563218390804598,0.5714285714285714,0.6886599931552676,0.3333333333333333,0.4910640898289891,0.9994407158836689,1.0,-0.036162165553045335,instance,informative
0,0.17567567567567566,0.0,0.6363636363636364,0.39285714285714285,0.32024882197584537,0.0,0.42680488885223866,0.9955257270693513,1.0,1.2896583922839617,instance,informative
0,0.20192307692307687,0.4,0.6363636363636364,0.39285714285714285,0.7582959091902064,0.0,0.49762313202311015,0.9988814317673378,1.0,0.5965655783407905,instance,informative
0,0.2943181818181818,0.2,0.7329545454545454,0.5,0.5544193212610178,0.0,0.4793977271870997,0.9994407158836689,1.0,-0.5426923079365693,instance,informative
0,0.19191176470588234,0.4,0.22807017543859653,0.6071428571428571,0.32891326868283455,1.0,0.5094594139130586,1.0,1.0,2.1076106490690307,instance,informative
0,0.14047619047619042,0.4,0.21590909090909094,0.32142857142857145,0.2777721756370847,0.16666666666666666,0.4702271582883256,0.9983221476510067,1.0,1.7534582607103302,instance,informative
1,0.8373239436619718,1.0,0.6852791878172588,0.39285714285714285,0.49145966952761394,1.0,0.5226160878705421,1.0,1.0,-0.02543723172290576,instance,informative
0,0.11250000000000004,0.2,0.21590909090909094,0.32142857142857145,0.32986356797874716,0.0,0.4929787178541628,0.9988814317673378,1.0,0.882951227337665,instance,informative
0,0.05714285714285716,0.2,0.22807017543859653,0.6071428571428571,0.2874372942141772,0.0,0.4719151301187391,0.9977628635346756,1.0,0.8216886133600843,instance,informative
0,0.4565789473684211,0.2,0.22807017543859653,0.75,0.45927737950982406,1.0,0.5327537433982457,1.0,1.0,0.635096806421847,instance,informative
0,0.05714285714285716,0.2,0.4285714285714286,0.4642857142857143,0.3963968873501641,0.5,0.4557600415720173,0.9983221476510067,1.0,1.110274628871907,instance,informative
1,0.5129310344827587,0.6,0.326797385620915,0.5357142857142857,0.45767378824615446,0.3333333333333333,0.5261304282334565,1.0,1.0,0.46176973300982865,instance,informative
0,0.04285714285714293,0.0,0.8127272727272727,0.5,0.3384839740940221,0.0,0.46388633326663187,0.993847874720358,1.0,0.8595933055185515,instance,informative
0,0.05714285714285716,0.4,0.31472081218274117,0.35714285714285715,0.34766150270206164,0.0,0.48455317662208985,0.9988814317673378,1.0,0.34431304932694556,instance,informative
1,0.781431334622824,0.6,0.36363636363636365,0.5,0.43372260944250995,0.0,0.49515427689026625,0.9996884735202493,1.0,1.2652882592280725,instance,informative
0,0.05714285714285716,0.0,0.13559322033898302,0.17857142857142858,0.31899409751243835,0.0,0.4662638336728955,0.9932885906040269,1.0,0.9448372952037777,instance,informative
0,0.18181818181818177,0.2,0.21590909090909094,0.32142857142857145,0.306916709860504,0.5,0.5148807737308665,1.0,1.0,1.13312773155095,instance,informative
1,0.3775100401606426,0.6,0.2670454545454546,0.4642857142857143,0.3495097161467835,0.75,0.49769727649189044,0.9996884735202493,1.0,0.9399063632122562,instance,informative
0,0.05714285714285716,0.2,0.24637681159420288,0.5357142857142857,0.2975767888161416,0.0,0.47958373615154215,0.9988814317673378,1.0,0.6670753258235981,instance,informative
0,0.17142857142857149,0.0,0.8127272727272727,0.5714285714285714,0.3401190898229859,0.0,0.47856297777416856,0.9949664429530202,1.0,2.0069704522517045,instance,informative
0,0.15999999999999992,0.2,0.24637681159420288,0.5714285714285714,0.6533854107982503,0.0,0.4957258566414279,0.9994407158836689,1.0,-1.6985167331272055,instance,informative
0,0.375,0.2,0.22807017543859653,0.5,0.6607334547203498,0.0,0.4737682001553666,0.9988814317673378,1.0,-0.48519942082423667,instance,informative
0,0.8140857392825896,0.0,0.7329545454545454,0.42857142857142855,0.8023559044495454,0.0,0.48012067316129614,0.9960850111856824,1.0,-0.8263401620527511,instance,informative
0,0.630050505050505,0.8,0.31472081218274117,0.35714285714285715,0.5526620738458963,0.5,0.5100548604489862,1.0,1.0,1.2530851823612121,instance,informative
0,0.32696177062374243,0.2,0.24637681159420288,0.5714285714285714,0.5050537327285965,0.0,0.48370937891961063,0.9988814317673378,1.0,-0.3502172399558923,instance,informative
0,0.12692307692307692,0.2,0.7563218390804598,0.5,0.4681061637419749,0.16666666666666666,0.46247999000049234,0.9983221476510067,1.0,0.5292828655652384,instance,informative
0,0.11250000000000004,0.4,0.31472081218274117,0.35714285714285715,0.710011166329255,0.4,0.5082416334980671,1.0,1.0,-0.18849216706107516,instance,informative
0,0.12692307692307692,0.0,0.31472081218274117,0.35714285714285715,0.5226575668168103,0.0,0.47224122724914985,0.9949664429530202,1.0,0.3668543681616581,instance,informative
1,0.2350165172251062,0.6,0.18974358974358974,0.5357142857142857,0.41808249086967064,1.0,0.515864245415979,1.0,1.0,0.017483773421216372,instance,informative
1,0.6223404255319149,0.4,0.36363636363636365,0.32142857142857145,0.5093001291193868,1.0,0.5158213487724095,1.0,1.0,-1.041604528408826,instance,informative
0,0.3466666666666667,0.2,0.7563218390804598,0.35714285714285715,0.46783561191524947,1.0,0.5094491002163872,1.0,1.0,0.5096438681392963,instance,informative
0,0.18410462776659964,0.2,0.22807017543859653,0.7142857142857143,0.4322633457654157,0.0,0.49848673392312437,0.9994407158836689,1.0,0.9702886040565917,instance,informative
0,0.19090909090909092,0.2,0.7329545454545454,0.42857142857142855,0.6580852118485018,0.0,0.4946638319009735,0.9994407158836689,1.0,0.6336402479038646,instance,informative
1,0.6021021021021021,0.8,0.7536231884057971,0.5714285714285714,0.4635512654924685,1.0,0.5156399991720846,1.0,1.0,0.7746616525302263,instance,informative
0,0.22941176470588232,0.2,0.31472081218274117,0.39285714285714285,0.41826465940264024,0.2,0.4909719407250204,0.9977628635346756,1.0,0.17660413666379363,instance,informative
1,0.7310739436619718,0.8,0.7536231884057971,0.5357142857142857,0.3924901026548112,1.0,0.5316451602621266,1.0,1.0,0.3132953030670577,instance,informative
1,0.5187590187590188,0.4,0.7719298245614035,0.75,0.48845262169292136,0.0,0.49004061572782864,0.9996884735202493,1.0,-0.7864743675433549,instance,informative
0,0.0357142857142857,0.0,0.5763546798029557,0.5,0.8066537734153626,0.0,0.4668707323970289,0.9966442953020134,1.0,-0.22952836531893392,instance,informative
0,0.0357142857142857,0.6,0.8333333333333334,0.39285714285714285,0.4646110383340174,0.75,0.507860856849034,1.0,1.0,0.3345060658492293,instance,informative
0,0.2127450980392156,0.4,0.31472081218274117,0.32142857142857145,0.26611087800228894,0.0,0.46928013621925024,0.9994407158836689,1.0,2.6246111598593638,instance,informative
0,0.21590909090909083,0.0,0.22807017543859653,0.6071428571428571,0.30942805787668914,0.0,0.46893270524983766,0.9966442953020134,1.0,1.2327919931412934,instance,informative
0,0.0,0.0,0.7670250896057348,0.32142857142857145,0.3118232239739302,0.0,0.4508941565477803,0.9972035794183445,1.0,0.7412184810906972,instance,informative
0,0.12765957446808507,0.2,0.22807017543859653,0.7142857142857143,0.5217508599098403,0.0,0.4962873743943761,0.9994407158836689,1.0,0.9264622918798336,instance,informative
0,0.038461538461538436,0.0,0.13559322033898302,0.17857142857142858,0.31296865651629824,0.0,0.48713492903976074,0.9972035794183445,1.0,0.7469096384745009,instance,informative
0,0.09401709401709402,0.2,0.7670250896057348,0.32142857142857145,0.491405224424593,0.0,0.4898970910151864,0.9994407158836689,1.0,0.5331590110645761,instance,informative
0,0.4309352517985612,0.4,0.5111111111111111,0.35714285714285715,0.45555294899103305,0.0,0.46775158031855113,0.9994407158836689,1.0,0.2014232010048398,instance,informative
0,0.11267605633802824,0.2,0.7329545454545454,0.42857142857142855,0.45620135859506294,0.0,0.4931800901891712,0.9994407158836689,1.0,0.8081954034124588,instance,informative
0,0.10769230769230775,0.4,0.8133333333333334,0.4642857142857143,0.40588209485581206,0.0,0.48141109421240613,0.9988814317673378,1.0,0.7146553649270491,instance,informative
1,0.7173913043478262,1.0,0.7719298245614035,0.6428571428571429,0.532552014493679,1.0,0.5352727089036825,1.0,1.0,-0.7261499539007629,instance,informative
1,0.7840909090909091,1.0,0.7719298245614035,0.6785714285714286,0.638975105077675,1.0,0.5252293855592627,1.0,1.0,-1.2181066987646743,instance,informative
0,0.23706896551724133,0.0,0.31472081218274117,0.35714285714285715,0.39055776596080616,0.0,0.45192454074311406,0.9927293064876958,1.0,1.0081229919799837,instance,informative
0,0.05084745762711862,0.0,0.13559322033898302,0.17857142857142858,0.3340112947902799,0.0,0.4553191756328019,0.9944071588366891,1.0,0.9474048173761295,instance,informative
0,0.0625,0.2,0.31472081218274117,0.39285714285714285,0.42971478537437335,0.0,0.46973537531698806,0.9983221476510067,1.0,-0.8775594250212823,instance,informative
0,0.033333333333333326,0.0,0.7329545454545454,0.5,0.72149323894751,0.0,0.44955433305307546,0.9972035794183445,1.0,-0.9308877596893677,instance,informative
0,0.1762452107279694,0.2,0.8127272727272727,0.5,0.4601332910258394,0.25,0.48467572350017474,0.9983221476510067,1.0,1.706748612261118,instance,informative
1,0.5187590187590188,0.4,0.7719298245614035,0.7142857142857143,0.4433860821990546,1.0,0.5020670444887285,1.0,1.0,-0.38679382984875277,instance,informative
0,0.07692307692307687,0.0,0.7563218390804598,0.5357142857142857,0.681668529322359,0.0,0.4773481644408666,0.9960850111856824,1.0,0.32419009358490053,instance,informative
0,0.17844202898550732,0.0,0.6363636363636364,0.39285714285714285,0.4112768570104822,0.0,0.42403644668057294,0.9927293064876958,1.0,0.9158082058169582,instance,informative
0,0.6660823838737949,0.2,0.7329545454545454,0.4642857142857143,0.452404561562839,0.0,0.4671615319082276,0.9977628635346756,1.0,0.08263677907703437,instance,informative
0,0.05714285714285716,0.2,0.31472081218274117,0.35714285714285715,0.4881014838837454,0.3333333333333333,0.5098239280510712,1.0,1.0,0.3997349678849069,instance,informative
1,0.21084337349397586,0.4,0.39682539682539686,0.4642857142857143,0.3456226301385811,1.0,0.5201785507124019,1.0,1.0,-0.6497957751228447,instance,informative
0,0.05555555555555558,0.2,0.22807017543859653,0.7142857142857143,0.3240995756171646,0.0,0.47053534877719116,0.9988814317673378,1.0,1.338763320421072,instance,informative
1,0.33573141486810554,0.8,0.2436781609195402,0.5357142857142857,0.5213817905061094,1.0,0.5176397404322642,1.0,1.0,0.4419514384865499,instance,informative
0,0.19191176470588234,0.2,0.22807017543859653,0.7142857142857143,0.3760369331377519,0.0,0.47422728323064334,0.9988814317673378,1.0,0.07642116678861906,instance,informative
0,0.038461538461538436,0.4,0.7670250896057348,0.42857142857142855,0.3853544295609551,0.0,0.48376972053144185,0.9994407158836689,1.0,0.6120940246380376,instance,informative
0,0.2791666666666667,0.2,0.21590909090909094,0.32142857142857145,0.4364367249635901,0.0,0.49254065614982334,0.9994407158836689,1.0,0.7383941684654584,instance,informative
0,0.12698412698412698,0.6,0.7563218390804598,0.5357142857142857,0.6643220335152706,0.25,0.5129868471705186,1.0,1.0,-0.9780392490622127,instance,informative
0,0.05555555555555558,0.0,0.22807017543859653,0.6071428571428571,0.3268658432332052,0.0,0.4487133236898303,0.9960850111856824,1.0,0.6862506993420655,instance,informative
0,0.05555555555555558,0.0,0.6031746031746033,0.42857142857142855,0.7228803724766159,0.0,0.47051100734564855,0.9955257270693513,1.0,-0.6622700833645226,instance,informative
0,0.4188871473354232,0.0,0.22807017543859653,0.7142857142857143,0.394377440527502,0.16666666666666666,0.47322894319467923,0.9960850111856824,1.0,0.6304372428976003,instance,informative
0,0.4744360902255639,0.2,0.22807017543859653,0.7142857142857143,0.42614311458978926,0.5,0.5023468607192503,1.0,1.0,0.4967847032122954,instance,informative
0,0.09999999999999998,0.4,0.5763546798029557,0.7142857142857143,0.4086578629271576,0.3333333333333333,0.5490965951837157,1.0,1.0,-0.021422005638725056,instance,informative
1,0.729483282674772,0.4,0.6852791878172588,0.39285714285714285,0.39423974865013,0.0,0.4819634253483178,0.9993769470404984,1.0,-0.041110818499665316,instance,informative
0,0.17361111111111116,0.2,0.7670250896057348,0.5,0.6361259554897999,0.0,0.49937516664949033,0.9994407158836689,1.0,-0.45551481199572497,instance,informative
0,0.3940789473684211,0.6,0.22807017543859653,0.6071428571428571,0.5647477567429777,0.25,0.49937824507613315,0.9994407158836689,1.0,0.20613466684292645,instance,informative
0,0.218568665377176,0.6,0.7563218390804598,0.9642857142857143,0.5588624147563409,0.0,0.4779812799391294,0.9994407158836689,1.0,0.4488400100969163,instance,informative
0,0.06000000000000005,0.4,0.7670250896057348,0.5714285714285714,0.4488621900741476,0.0,0.4886657780579913,0.9994407158836689,1.0,0.14273127143213704,instance,informative
1,0.729483282674772,0.4,0.6852791878172588,0.39285714285714285,0.39945941983646904,0.5,0.4810495794195223,0.9996884735202493,1.0,-0.31797612577426076,instance,informative
0,0.1166666666666667,0.0,0.7329545454545454,0.5357142857142857,0.5044470719893853,0.0,0.4671042094044445,0.9960850111856824,1.0,-0.7217649127824874,instance,informative
0,0.17107843137254908,0.0,0.22807017543859653,0.7142857142857143,0.4272715791485834,0.5,0.47068591514859703,0.9966442953020134,1.0,0.44189018011418285,instance,informative
0,0.12698412698412698,0.0,0.22807017543859653,0.7142857142857143,0.4151571655191687,0.0,0.44826877390380615,0.9972035794183445,1.0,0.7788016355320702,instance,informative
0,0.20238095238095233,0.4,0.22807017543859653,0.5714285714285714,0.7243645502084554,0.0,0.44780764683992647,0.9983221476510067,1.0,-0.7399333968680873,instance,informative
0,0.040000000000000036,0.2,0.21590909090909094,0.32142857142857145,0.2861061491263507,0.0,0.47065695915137384,0.9988814317673378,1.0,0.6417166743228602,instance,informative
0,0.09090909090909083,0.2,0.13559322033898302,0.17857142857142858,0.3253795360917492,0.3333333333333333,0.48405532857472566,0.9988814317673378,1.0,0.4246936553034479,instance,informative
0,0.2127450980392156,0.0,0.31472081218274117,0.39285714285714285,0.42121965572930875,0.0,0.4790985986654692,0.9960850111856824,1.0,1.9278094422498964,instance,informative
0,0.1762452107279694,0.2,0.22807017543859653,0.7142857142857143,0.5395464905057108,0.0,0.4619612590915553,0.9977628635346756,1.0,0.9994765741938753,instance,informative
0,0.17844202898550732,0.0,0.6363636363636364,0.42857142857142855,0.5307138209609185,0.0,0.4715159549761345,0.9966442953020134,1.0,-0.03680633038725483,instance,informative
0,0.662557781201849,0.2,0.4285714285714286,0.42857142857142855,0.7570308601886235,0.0,0.4849230802154545,0.9983221476510067,1.0,0.24956631734814072,instance,informative
0,0.218568665377176,0.0,0.6363636363636364,0.39285714285714285,0.5769006525486307,0.0,0.4305661182555486,0.9944071588366891,1.0,0.7630345876059618,instance,informative
0,0.10769230769230775,0.2,0.4285714285714286,0.4642857142857143,0.3111379697144804,0.0,0.4949025584665311,0.9983221476510067,1.0,1.6769605018789597,instance,informative
1,0.4444444444444444,1.0,0.6852791878172588,0.32142857142857145,0.623605148275763,1.0,0.5593848488715882,1.0,1.0,-0.5436896247977302,instance,informative
0,0.0357142857142857,0.2,0.22807017543859653,0.7142857142857143,0.7105208416192322,0.0,0.47503869967144696,0.9977628635346756,1.0,-0.46339627304122627,instance,informative
0,0.18803418803418803,0.2,0.6363636363636364,0.42857142857142855,0.780972543860144,0.0,0.45894123509534723,0.9977628635346756,1.0,-1.005690425925899,instance,informative
1,0.5255639097744361,0.8,0.2436781609195402,0.5357142857142857,0.602006712965523,1.0,0.5461657327739065,1.0,1.0,0.4976347165295822,instance,informative
0,0.14047619047619042,0.2,0.22807017543859653,0.6071428571428571,0.44254757936946676,0.0,0.48582151264802753,0.9988814317673378,1.0,1.0065775492111735,instance,informative
0,0.033333333333333326,0.4,0.31034482758620685,0.42857142857142855,0.7386917967198979,0.5,0.4795381706189511,0.9994407158836689,1.0,-1.2225251198403535,instance,informative
1,0.8422619047619048,1.0,0.18727272727272726,0.6428571428571429,0.563299905109627,1.0,0.5350862482103498,1.0,1.0,0.3713169792222036,instance,informative
0,0.19191176470588234,0.2,0.22807017543859653,0.6071428571428571,0.5316721740968623,0.3333333333333333,0.4837165868323867,0.9988814317673378,1.0,-0.04833466682370309,instance,informative
0,0.28915662650602414,0.2,0.7563218390804598,0.39285714285714285,0.725731381375816,1.0,0.5055850746042032,1.0,1.0,-1.5176643648135264,instance,informative
0,0.28915662650602414,0.2,0.22807017543859653,0.7142857142857143,0.5283287568546261,0.0,0.4658641083231392,0.9977628635346756,1.0,-0.6607445835702391,instance,informative
0,0.5867346938775511,0.6,0.5763546798029557,0.7142857142857143,0.7103213492061826,1.0,0.5172104547892997,1.0,1.0,-0.6948312899911644,instance,informative
0,0.19191176470588234,0.6,0.13559322033898302,0.17857142857142858,0.34880190245067066,1.0,0.5063084290700035,1.0,1.0,0.035117464556571124,instance,informative
1,0.7797619047619048,1.0,0.5714285714285714,0.39285714285714285,0.19481163296948106,1.0,0.518627938177189,1.0,1.0,0.48021082034383694,instance,informative
0,0.16249999999999998,0.6,0.7563218390804598,0.39285714285714285,0.3426278041854779,1.0,0.5046861813839145,1.0,1.0,-1.0976089130110434,instance,informative
0,0.22023809523809523,0.0,0.6363636363636364,0.39285714285714285,0.7869283866258429,0.0,0.4113962601607928,0.9888143176733781,0.975,-1.0077673642194362,instance,informative
0,0.3302277432712215,0.2,0.7563218390804598,0.6071428571428571,0.702126358285425,0.5,0.502378102798563,1.0,1.0,-0.009940374066574378,instance,informative
0,0.20358514724711907,0.0,0.4727272727272728,0.6785714285714286,0.5394206111332432,0.0,0.4504030886074044,0.9944071588366891,1.0,0.7101562083285706,instance,informative
0,0.4565789473684211,0.0,0.673202614379085,0.6071428571428571,0.4096827602038058,0.0,0.46029836785803413,0.9932885906040269,1.0,0.7055901144064161,instance,informative
0,0.033333333333333326,0.0,0.6363636363636364,0.39285714285714285,0.5095421089145827,0.0,0.45742735401828316,0.993847874720358,1.0,-0.6658781127347839,instance,informative
0,0.18500000000000005,0.0,0.8127272727272727,0.7142857142857143,0.4278534715104976,0.0,0.4830905544188753,0.9966442953020134,1.0,-0.6601125703582583,instance,informative
0,0.16805555555555562,0.2,0.22807017543859653,0.5,0.48087300673041256,0.5,0.4689122637436556,0.9977628635346756,1.0,0.35260164115945475,instance,informative
0,0.19860139860139858,0.4,0.7563218390804598,0.5714285714285714,0.736354388088963,1.0,0.5028284499209741,1.0,1.0,-1.4415671286286564,instance,informative
0,0.11111111111111116,0.2,0.22807017543859653,0.6071428571428571,0.4001758626931299,0.0,0.4930020012996743,0.9988814317673378,1.0,0.37006167304734056,instance,informative
0,0.202020202020202,0.0,0.22807017543859653,0.6071428571428571,0.27607018509930425,0.0,0.42027525686391565,0.9960850111856824,1.0,2.0934735052995888,instance,informative
0,0.1508474576271186,0.6,0.24637681159420288,0.6071428571428571,0.3492199616809243,1.0,0.5034464194939211,1.0,1.0,0.820185502455443,instance,informative
0,0.661734693877551,0.4,0.7670250896057348,0.35714285714285715,0.6151202086397513,0.25,0.4796868639888502,0.9994407158836689,1.0,-0.7462425381780674,instance,informative
0,0.0625,0.2,0.7563218390804598,0.6428571428571429,0.6503967703249367,0.0,0.47272428877119044,0.9988814317673378,1.0,-0.8178508355708356,instance,informative
0,0.18803418803418803,0.4,0.5111111111111111,0.42857142857142855,0.48528022676299576,0.4,0.47838094839055134,0.9983221476510067,1.0,0.8801828503149461,instance,informative
0,0.0714285714285714,0.2,0.22807017543859653,0.7142857142857143,0.5408434124530396,0.0,0.46518887081597704,0.9988814317673378,1.0,0.7378935739276214,instance,informative
1,0.8571428571428572,0.6,0.6896551724137931,0.42857142857142855,0.518218875443459,1.0,0.5195519794518653,1.0,1.0,0.0627145312630044,instance,informative
0,0.360655737704918,0.2,0.31472081218274117,0.35714285714285715,0.6814287855695671,0.0,0.48483153943174784,0.9994407158836689,1.0,-0.9934528123728733,instance,informative
1,0.7494505494505495,0.6,0.326797385620915,0.5,0.21453136140777762,1.0,0.5088898400995923,1.0,1.0,1.170512936167784,instance,informative
1,0.8375,0.4,0.7536231884057971,0.5357142857142857,0.5671530217214829,0.5,0.4678357133867348,0.9990654205607477,1.0,-0.44353493180625453,instance,informative
0,0.20358514724711907,0.6,0.7670250896057348,0.2857142857142857,0.7564740643750949,0.0,0.49268145364916505,0.9994407158836689,1.0,-0.0815344235929587,instance,informative
0,0.23706896551724133,0.2,0.21590909090909094,0.32142857142857145,0.3744595969432527,0.0,0.49582188329125987,0.9994407158836689,1.0,1.040388326891981,instance,informative
0,0.3423423423423424,0.2,0.5111111111111111,0.35714285714285715,0.37545181706136443,0.5,0.515577843104954,1.0,1.0,0.9483232606138141,instance,informative
1,0.7104895104895105,0.0,0.2436781609195402,0.39285714285714285,0.25778022400789435,0.0,0.47064097190346865,0.9984423676012462,1.0,0.5394459066328409,instance,informative
0,0.18055555555555558,0.6,0.22807017543859653,0.7142857142857143,0.538220673712185,1.0,0.5034240004901849,1.0,1.0,-0.09274042858487776,instance,informative
0,0.0,0.8,0.7563218390804598,0.5,0.7727115707690546,1.0,0.5137516841902512,1.0,1.0,-1.03345843351888,instance,informative
0,0.7734724292101341,0.6,0.5763546798029557,0.7142857142857143,0.781548529224849,0.5,0.5134321260728472,1.0,1.0,-1.2304079451261682,instance,informative
0,0.19860139860139858,0.2,0.7563218390804598,0.39285714285714285,0.7689449445875949,0.0,0.4933227400096051,0.9994407158836689,1.0,-0.9478486670422226,instance,informative
0,0.18214285714285716,0.0,0.21590909090909094,0.32142857142857145,0.278382511708529,0.0,0.4868035036257433,0.9972035794183445,1.0,2.3520804453018,instance,informative
1,0.6483660130718955,0.2,0.6852791878172588,0.32142857142857145,0.44666401253193255,0.0,0.4789001153786687,0.9987538940809969,1.0,-0.5841677557228464,instance,informative
0,0.270516717325228,0.4,0.31472081218274117,0.35714285714285715,0.6678245545668097,1.0,0.5103553014698611,1.0,1.0,-0.11920609204170989,instance,informative
0,0.3940789473684211,0.0,0.22807017543859653,0.7142857142857143,0.33969591704965885,0.0,0.4839054594531388,0.9960850111856824,1.0,1.31752711073687,instance,informative
1,0.797979797979798,0.6,0.2670454545454546,0.75,0.622396703232202,1.0,0.5085195773488438,1.0,1.0,-0.7405295799046241,instance,informative
0,0.1762452107279694,0.2,0.7329545454545454,0.42857142857142855,0.49838253143073474,0.0,0.48691425268553457,0.9977628635346756,1.0,0.6942708929624808,instance,informative
0,0.17361111111111116,0.4,0.8133333333333334,0.4642857142857143,0.6962312381226187,0.0,0.4797077977614491,0.9988814317673378,1.0,-1.057806423419561,instance,informative
0,0.0625,0.0,0.8133333333333334,0.39285714285714285,0.3359198732768519,0.0,0.4631185946773616,0.9921700223713646,1.0,0.714491963012269,instance,informative
0,0.20685111989459815,0.0,0.31472081218274117,0.35714285714285715,0.5506747384501645,0.0,0.4724272937129447,0.9972035794183445,1.0,-0.43973961647955784,instance,informative
0,0.6754155730533684,0.6,0.22807017543859653,0.7142857142857143,0.47879114123332245,0.25,0.5296957215814497,1.0,1.0,0.6494775190087222,instance,informative
0,0.22705314009661837,0.2,0.8127272727272727,0.75,0.5214511715978495,0.4,0.4772293205621091,0.9983221476510067,1.0,-0.2549226045077582,instance,informative
1,0.5366161616161615,0.8,0.16666666666666663,0.4642857142857143,0.3606842682649327,1.0,0.5404356163450119,1.0,1.0,0.3951673143354464,instance,informative
0,0.2960784313725491,0.0,0.8333333333333334,0.39285714285714285,0.35863462788866385,0.0,0.46181575918299766,0.9944071588366891,1.0,0.525780664207973,instance,informative
0,0.6794871794871795,1.0,0.31472081218274117,0.35714285714285715,0.8576725586331602,1.0,0.5358881463503515,1.0,1.0,-0.48884452362009595,instance,informative
0,0.29166666666666674,0.4,0.13559322033898302,0.17857142857142858,0.27951161401932956,1.0,0.5216242860090372,1.0,1.0,1.9673977432887828,instance,informative
0,0.12692307692307692,0.0,0.5111111111111111,0.35714285714285715,0.3989638576211541,0.0,0.44493900921266283,0.9960850111856824,1.0,-0.019623376150822068,instance,informative
0,0.0,0.2,0.7563218390804598,0.39285714285714285,0.4320973504120932,0.0,0.4817293446959483,0.9983221476510067,1.0,0.25780189250766244,instance,informative
1,0.5243243243243243,0.8,0.18666666666666665,0.5,0.3266092263880819,1.0,0.5023176704818608,1.0,1.0,1.168642748734838,instance,informative
0,0.14047619047619042,0.2,0.22807017543859653,0.6071428571428571,0.32714309885561244,0.2,0.48728029133352946,0.9983221476510067,1.0,1.4119826983445436,instance,informative
0,0.0357142857142857,0.6,0.4727272727272728,0.5714285714285714,0.5218446916039127,0.0,0.49881836278637803,0.9994407158836689,1.0,0.5531987390656236,instance,informative
0,0.1217948717948718,0.2,0.13559322033898302,0.17857142857142858,0.30128375024685417,0.0,0.48296019289898817,0.9977628635346756,0.975,0.49816407630411225,instance,informative
0,0.18181818181818177,0.8,0.8127272727272727,0.35714285714285715,0.4750308786498846,1.0,0.5035118300846303,1.0,1.0,-0.22562256783069298,instance,informative
0,0.22941176470588232,0.2,0.22807017543859653,0.7142857142857143,0.3232475221574106,0.0,0.4571157817214935,0.9977628635346756,1.0,0.6980630237014169,instance,informative
0,0.0,0.2,0.24637681159420288,0.5714285714285714,0.2777183939896307,0.0,0.48717546605507356,0.9988814317673378,0.975,1.7787158408685007,instance,informative
0,0.09090909090909083,0.4,0.24637681159420288,0.5714285714285714,0.47394689709470395,0.0,0.4881814243116236,0.9994407158836689,0.975,0.983993777489156,instance,informative
0,0.5050505050505051,0.6,0.673202614379085,0.39285714285714285,0.6435691336076133,1.0,0.5013004011627338,1.0,1.0,0.2679630035585432,instance,informative
1,0.8319444444444444,1.0,0.2670454545454546,0.6071428571428571,0.6128099230095442,1.0,0.5270024998741076,1.0,1.0,-0.06718584048788961,instance,informative
0,0.29519230769230775,0.2,0.4727272727272728,0.6071428571428571,0.31546845923793454,1.0,0.5093563379045487,1.0,0.975,-0.21373347473349275,instance,informative
0,0.8205128205128205,0.4,0.7329545454545454,0.42857142857142855,0.4099241249306105,0.0,0.47037020066678814,0.9988814317673378,1.0,0.8314291888984529,instance,informative
1,0.8090909090909091,0.8,0.864406779661017,0.17857142857142858,0.6604365110397098,1.0,0.5008012692499003,1.0,1.0,-0.7661973854915123,instance,informative
1,0.5243243243243243,0.8,0.18666666666666665,0.5,0.5017800415996936,0.0,0.49058479294666446,0.9996884735202493,1.0,1.12251345570456,instance,informative
1,0.7104895104895105,1.0,0.6852791878172588,0.35714285714285715,0.39228116523594336,1.0,0.5288359830536156,1.0,1.0,-0.237657079947109,instance,informative
0,0.17142857142857149,0.2,0.7670250896057348,0.32142857142857145,0.6132073619565683,0.0,0.4906084948762459,0.9988814317673378,1.0,-0.015599468307763379,instance,informative
0,0.2053571428571428,0.0,0.7563218390804598,0.39285714285714285,0.3538079577236314,0.0,0.4575201315307845,0.9966442953020134,1.0,-1.11782161436652,instance,informative
0,0.735632183908046,0.2,0.5111111111111111,0.42857142857142855,0.7717629821795041,0.0,0.47968777259506556,0.9977628635346756,1.0,-1.6565874755921874,instance,informative
0,0.45833333333333337,0.6,0.7563218390804598,0.39285714285714285,0.749852787227788,0.0,0.4909624230958646,0.9994407158836689,1.0,0.231520767492101,instance,informative
1,0.7056818181818182,0.4,0.4236453201970444,0.7142857142857143,0.37731016567044395,1.0,0.5110182482960282,1.0,1.0,0.21521476593141312,instance,informative
0,0.19191176470588234,0.2,0.22807017543859653,0.7142857142857143,0.3289409569341151,0.25,0.4950150317363947,0.9983221476510067,1.0,1.6694872561879457,instance,informative
0,0.04285714285714293,0.0,0.6031746031746033,0.42857142857142855,0.5107044722666675,0.0,0.43246702790249203,0.993847874720358,1.0,0.17393516507268128,instance,informative
0,0.05555555555555558,0.2,0.6031746031746033,0.42857142857142855,0.370018465620764,0.0,0.49854723717917504,0.9994407158836689,1.0,1.1125474671691815,instance,informative
0,0.17142857142857149,0.2,0.4285714285714286,0.4642857142857143,0.6689578311164938,0.6666666666666666,0.5121244106640395,1.0,1.0,0.3481552995608516,instance,informative
0,0.20192307692307687,0.2,0.22807017543859653,0.7142857142857143,0.4889359004132895,0.0,0.4536022346425739,0.9994407158836689,1.0,1.1605547648694996,instance,informative
0,0.09401709401709402,0.0,0.8127272727272727,0.6071428571428571,0.6791194806038053,0.0,0.4334919325545349,0.9932885906040269,1.0,-0.3662180863667293,instance,informative
0,0.05084745762711862,0.2,0.31472081218274117,0.35714285714285715,0.41574089086978616,0.0,0.48128782344521004,0.9977628635346756,1.0,-0.09509253109491793,instance,informative
0,0.06000000000000005,0.0,0.22807017543859653,0.6071428571428571,0.7457220562494017,0.0,0.46250668670496564,0.9972035794183445,1.0,-2.0069497738030226,instance,informative
0,0.0,0.0,0.22807017543859653,0.7142857142857143,0.5608604031362628,0.0,0.4802467180248322,0.9972035794183445,1.0,-0.8608217020913455,instance,informative
0,0.11428571428571432,0.4,0.6363636363636364,0.39285714285714285,0.33897714345831964,0.0,0.48902816479206823,0.9994407158836689,1.0,-0.3556770082067087,instance,informative
0,0.18181818181818177,0.0,0.22807017543859653,0.7142857142857143,0.6952802722792373,0.0,0.47077261378021296,0.9972035794183445,1.0,-0.9563368121370306,instance,informative
0,0.0714285714285714,0.2,0.5111111111111111,0.5,0.6995294672063576,0.0,0.4746028835153112,0.9983221476510067,1.0,-0.1466580274936404,instance,informative
0,0.1607142857142857,0.2,0.22807017543859653,0.7142857142857143,0.6558257232719985,0.0,0.4511548820307586,0.9977628635346756,1.0,-0.1345412519767069,instance,informative
0,0.0357142857142857,0.0,0.8333333333333334,0.5357142857142857,0.6835767877673179,0.0,0.47840928554840056,0.9955257270693513,0.975,-0.7878756677130909,instance,informative
0,0.2126760563380281,0.0,0.24637681159420288,0.5714285714285714,0.4025199973616286,0.0,0.46392005694129945,0.9960850111856824,0.975,0.5349808403327783,instance,informative
0,0.05555555555555558,0.2,0.22807017543859653,0.6071428571428571,0.4150475927276882,0.0,0.47756588162081226,0.9977628635346756,1.0,-0.2184346393400256,instance,informative
0,0.39789789789789787,0.0,0.21590909090909094,0.32142857142857145,0.3700872801130847,0.0,0.45902788741311695,0.9966442953020134,1.0,0.7252432166155268,instance,informative
0,0.28260869565217395,0.2,0.8333333333333334,0.5714285714285714,0.2966524101853111,0.0,0.4877552847687986,0.9977628635346756,1.0,0.9222909216508359,instance,informative
0,0.040000000000000036,0.4,0.7670250896057348,0.32142857142857145,0.5119949619805304,1.0,0.5043403824950737,1.0,1.0,-0.291829074552347,instance,informative
0,0.4309352517985612,0.4,0.5111111111111111,0.35714285714285715,0.7336979888841787,0.5,0.5008363975319918,1.0,1.0,-1.1674767562261537,instance,informative
0,0.32696177062374243,0.2,0.22807017543859653,0.7142857142857143,0.4155390993738358,0.0,0.46758271019414,0.9988814317673378,1.0,0.952997734899207,instance,informative
0,0.11594202898550732,0.2,0.24637681159420288,0.5714285714285714,0.502652724280354,0.0,0.48031000363476195,0.9994407158836689,1.0,-0.40881829954878496,instance,informative
0,0.18214285714285716,0.2,0.8127272727272727,0.4642857142857143,0.2690606987358004,0.0,0.48321148494425226,0.9994407158836689,1.0,1.3778254924208997,instance,informative
0,0.22941176470588232,0.2,0.7563218390804598,0.8214285714285714,0.45813249449366544,1.0,0.5089457515801779,1.0,1.0,0.6631375932492883,instance,informative
1,0.7705882352941176,0.8,0.36363636363636365,0.39285714285714285,0.5064413047811597,1.0,0.5249908162498652,1.0,1.0,-0.7312538100982615,instance,informative
0,0.05714285714285716,0.0,0.4727272727272728,0.5714285714285714,0.3673849242589867,0.0,0.45673092885813416,0.9949664429530202,1.0,0.23337936604184004,instance,informative
0,0.12692307692307692,0.4,0.5111111111111111,0.5357142857142857,0.48905423973788054,0.6666666666666666,0.5436736480097744,1.0,1.0,1.3482409329105398,instance,informative
0,0.475,0.0,0.31472081218274117,0.39285714285714285,0.4739150885814255,0.0,0.4796913978024082,0.9955257270693513,1.0,0.3483186311812013,instance,informative
0,0.05555555555555558,0.0,0.22807017543859653,0.7142857142857143,0.40238423984742744,0.0,0.4216196425694033,0.993847874720358,1.0,1.4448809581253654,instance,informative
0,0.09090909090909083,0.0,0.22807017543859653,0.6071428571428571,0.3894058046682235,0.5,0.44748728160455364,0.9966442953020134,1.0,0.1725268713923175,instance,informative
1,0.7208333333333333,1.0,0.6896551724137931,0.4642857142857143,0.29886013273025336,1.0,0.5230847796565362,1.0,1.0,0.38250476776679787,instance,informative
0,0.04285714285714293,0.6,0.21590909090909094,0.32142857142857145,0.3043630835144181,0.0,0.4745747725728624,0.9994407158836689,1.0,1.0696073393823486,instance,informative
0,0.48124098124098125,0.2,0.7329545454545454,0.7142857142857143,0.4105096452595324,0.3333333333333333,0.4832159502403618,0.9988814317673378,1.0,0.791666676189749,instance,informative
0,0.15773809523809523,0.2,0.7670250896057348,0.32142857142857145,0.4995832645157958,0.0,0.4828441384377903,0.9994407158836689,0.975,-0.5515901921953797,instance,informative
0,0.29519230769230775,0.2,0.5763546798029557,0.7142857142857143,0.6336700263725442,0.0,0.4873363921763789,0.9988814317673378,1.0,-0.9018740379909245,instance,informative
0,0.22222222222222232,0.4,0.22807017543859653,0.6071428571428571,0.38537191609502863,0.5,0.5150119373922355,1.0,1.0,0.24560903689483526,instance,informative
1,0.7980769230769231,0.8,0.326797385620915,0.5714285714285714,0.4283311828151891,1.0,0.52863903797271,1.0,1.0,-0.3939047502180378,instance,informative
0,0.11111111111111116,0.0,0.22807017543859653,0.7142857142857143,0.6797604094087893,0.0,0.44965066254121067,0.9944071588366891,1.0,0.2295599049168547,instance,informative
0,0.05555555555555558,0.0,0.7563218390804598,0.4642857142857143,0.7558776673165131,0.0,0.4607541038245673,0.9966442953020134,0.975,-2.1395793226792286,instance,informative
1,0.8491525423728814,1.0,0.2436781609195402,0.39285714285714285,0.46333960616062425,1.0,0.543230194276398,1.0,1.0,-0.24163551831375774,instance,informative
0,0.2895104895104895,0.2,0.31472081218274117,0.35714285714285715,0.4313386285518255,0.0,0.47336851508911226,0.9977628635346756,1.0,1.151573742084114,instance,informative
1,0.26225490196078427,0.4,0.4236453201970444,0.7142857142857143,0.4178195394433323,0.5,0.4957324165516034,0.9996884735202493,1.0,0.6940201061028035,instance,informative
0,0.05555555555555558,0.0,0.6031746031746033,0.42857142857142855,0.6408218193855628,0.0,0.47709448869002125,0.9921700223713646,0.975,-0.3761261562709381,instance,informative
0,0.038461538461538436,0.0,0.24637681159420288,0.5357142857142857,0.4187272959312475,0.0,0.46395196256971005,0.9960850111856824,1.0,0.42748398373439517,instance,informative
0,0.4126760563380282,0.2,0.24637681159420288,0.5714285714285714,0.6660171100682601,0.5,0.5444134431485228,1.0,1.0,-0.22797203326215226,instance,informative
0,0.3206896551724139,0.0,0.5111111111111111,0.35714285714285715,0.470879288359641,0.0,0.4547114645956102,0.9916107382550335,1.0,0.6133607988845623,instance,informative
0,0.05555555555555558,0.2,0.22807017543859653,0.75,0.3428553580777658,0.0,0.475364077737949,0.9994407158836689,0.975,0.7636136990906395,instance,informative
1,0.5129310344827587,0.8,0.2329749103942652,0.5,0.39232767079996966,1.0,0.5076837950915284,1.0,1.0,0.9542941946612139,instance,informative
0,0.202020202020202,0.2,0.22807017543859653,0.7142857142857143,0.4564047721246135,0.0,0.4751529005496926,0.9983221476510067,1.0,1.4727884733140162,instance,informative
0,0.12692307692307692,0.2,0.22807017543859653,0.7142857142857143,0.49460274375556634,1.0,0.5023568095156237,1.0,1.0,0.832821670408055,instance,informative
0,0.05714285714285716,0.2,0.21590909090909094,0.32142857142857145,0.3383770122439773,0.0,0.47596433599131793,0.9977628635346756,1.0,1.1205922984788939,instance,informative
0,0.41415662650602414,0.2,0.31034482758620685,0.42857142857142855,0.4790827496580655,0.0,0.4866379006159357,0.9983221476510067,1.0,-0.5537466295481739,instance,informative
0,0.5942118226600985,0.6,0.8102564102564103,0.5714285714285714,0.837576808377773,0.0,0.49407424837384806,0.9988814317673378,1.0,-0.6052093483002239,instance,informative
0,0.2435897435897436,0.6,0.24637681159420288,0.5714285714285714,0.44243484462746324,1.0,0.5036100046292453,1.0,1.0,0.5587008958113645,instance,informative
0,0.15773809523809523,0.2,0.24637681159420288,0.5714285714285714,0.3940268827462957,0.16666666666666666,0.49080625068343087,0.9977628635346756,1.0,0.03967311878271197,instance,informative
0,0.20358514724711907,0.6,0.4285714285714286,0.4642857142857143,0.40282546891317966,0.3333333333333333,0.48181334045541635,0.9994407158836689,1.0,0.4516159230602509,instance,informative
0,0.7803680981595091,0.6,0.7563218390804598,0.39285714285714285,0.6356646406484392,1.0,0.514712115981206,1.0,1.0,-1.3471492701278875,instance,informative
0,0.21594202898550718,0.0,0.7563218390804598,0.39285714285714285,0.5677889887484507,0.0,0.4901733979108799,0.9972035794183445,1.0,-0.18286170257954845,instance,informative
1,0.8888888888888888,1.0,0.7719298245614035,0.42857142857142855,0.5474643953827031,1.0,0.5351467850897473,1.0,0.975,-1.2041840227537621,instance,informative
0,0.0,0.8,0.21590909090909094,0.32142857142857145,0.3982413828340228,0.0,0.4994992599807281,0.9994407158836689,1.0,-0.7462135747729024,instance,informative
0,0.16805555555555562,0.6,0.22807017543859653,0.7142857142857143,0.536999150320449,0.15384615384615385,0.510086171553871,1.0,1.0,0.034397811836389326,instance,informative
0,0.11267605633802824,0.4,0.7329545454545454,0.5714285714285714,0.4302674029712842,0.0,0.4710234493107035,0.9988814317673378,1.0,0.8305699491133157,instance,informative
0,0.22941176470588232,0.0,0.21590909090909094,0.21428571428571427,0.32932587852237594,0.0,0.46675555898999244,0.9972035794183445,0.975,-0.8259182875937453,instance,informative
0,0.2127450980392156,0.4,0.4727272727272728,0.6071428571428571,0.2785057790830804,1.0,0.503841076791209,1.0,1.0,1.2437723847994833,instance,informative
0,0.0357142857142857,0.0,0.22807017543859653,0.7142857142857143,0.7264424112074439,0.0,0.4660381935167278,0.9944071588366891,1.0,-0.23935386498659797,instance,informative
0,0.2960784313725491,0.2,0.31472081218274117,0.35714285714285715,0.32518541997530137,0.25,0.5520237531137749,1.0,1.0,1.8066837565480856,instance,informative
0,0.0357142857142857,0.8,0.31472081218274117,0.35714285714285715,0.6750290070213153,1.0,0.5305848718413608,1.0,1.0,-0.24715130252052808,instance,informative
0,0.5050505050505051,0.4,0.673202614379085,0.6071428571428571,0.7152315784472655,0.3333333333333333,0.512920933254879,1.0,1.0,-0.1322661836108266,instance,informative
0,0.040000000000000036,0.4,0.22807017543859653,0.7142857142857143,0.5786051312016485,0.0,0.4851557202832021,0.9988814317673378,1.0,-0.09966263673707049,instance,informative
1,0.5811128526645768,0.4,0.2436781609195402,0.39285714285714285,0.46384716172965834,0.0,0.48357634180825604,0.9996884735202493,1.0,1.211179041724741,instance,informative
0,0.09401709401709402,0.2,0.5763546798029557,0.7142857142857143,0.477025121938227,0.0,0.4867559773659098,0.9988814317673378,1.0,0.011517188179264011,instance,informative
1,0.7980769230769231,1.0,0.48888888888888893,0.39285714285714285,0.3661265780678916,1.0,0.5323671882226577,1.0,1.0,-0.20446629985737846,instance,informative
1,0.8181818181818181,1.0,0.2670454545454546,0.42857142857142855,0.42718433464402766,1.0,0.5255891332108344,1.0,1.0,-0.3095184746648924,instance,informative
0,0.26190476190476186,0.4,0.7670250896057348,0.32142857142857145,0.4212840830108493,0.0,0.48623534142321645,0.9988814317673378,1.0,0.7615337495853672,instance,informative
0,0.44666666666666666,0.2,0.31472081218274117,0.35714285714285715,0.5919825233378795,0.3333333333333333,0.495381556547945,0.9983221476510067,1.0,0.9790299360648604,instance,informative
0,0.07692307692307687,0.0,0.22807017543859653,0.75,0.507976224616492,0.0,0.46392790890711066,0.9927293064876958,0.975,0.9680158924176561,instance,informative
0,0.3008474576271186,0.4,0.5763546798029557,0.7142857142857143,0.41543660185679,1.0,0.5396044100970068,1.0,0.975,-0.13245913554632438,instance,informative
1,0.8215579710144927,0.6,0.16666666666666663,0.7857142857142857,0.5703648410797747,1.0,0.5167139557203803,1.0,1.0,-0.07652942981967532,instance,informative
0,0.040000000000000036,0.6,0.5763546798029557,0.6785714285714286,0.7229343137069651,1.0,0.5166556158422542,1.0,1.0,0.8397490802392471,instance,informative
0,0.06000000000000005,0.2,0.673202614379085,0.6071428571428571,0.47223029043425535,0.0,0.486548131343005,0.9983221476510067,1.0,0.47627797972086017,instance,informative
0,0.2238095238095239,0.2,0.7670250896057348,0.32142857142857145,0.6492726005575015,0.0,0.4598896094060787,0.9977628635346756,1.0,0.33891821922129406,instance,informative
0,0.8038461538461539,0.8,0.22807017543859653,0.5,0.4877179998070202,0.5,0.5245553462168446,1.0,1.0,-0.2209016965579471,instance,informative
0,0.033333333333333326,0.0,0.21590909090909094,0.25,0.8224210356346408,0.0,0.42928985613706205,0.9955257270693513,1.0,0.30434520790755887,instance,informative
0,0.038461538461538436,0.2,0.7670250896057348,0.2857142857142857,0.41041085234714647,0.0,0.49085949305770493,0.9994407158836689,1.0,0.6893322351500568,instance,informative
1,0.4949494949494949,0.6,0.18727272727272726,0.6071428571428571,0.38378008649603235,0.75,0.48061852384302106,0.9996884735202493,1.0,-0.0013002410398078722,instance,informative
0,0.28915662650602414,0.2,0.22807017543859653,0.5,0.5924621258740163,0.0,0.477157260300052,0.9988814317673378,1.0,0.23351588767200965,instance,informative
1,0.7797619047619048,0.8,0.18666666666666665,0.5,0.3832806062407913,1.0,0.5248910471315665,1.0,1.0,-0.07951422623954847,instance,informative
0,0.1217948717948718,0.6,0.673202614379085,0.6071428571428571,0.506037228135202,0.5,0.4987646937951785,0.9994407158836689,1.0,0.04619579823757945,instance,informative
0,0.22222222222222232,0.4,0.22807017543859653,0.7142857142857143,0.48163861141808983,0.5,0.5061084350946361,1.0,1.0,-0.17008421615904903,instance,informative
0,0.11904761904761907,0.4,0.7670250896057348,0.4642857142857143,0.6509806045145428,1.0,0.5216114198157449,1.0,1.0,-1.41618377520844,instance,informative
0,0.11250000000000004,0.0,0.22807017543859653,0.5,0.4100971047628056,0.0,0.4635791608785973,0.9960850111856824,1.0,0.7436195579305352,instance,informative
1,0.36906474820143886,0.6,0.2670454545454546,0.42857142857142855,0.17913406603206733,0.0,0.4864995897022073,0.9996884735202493,1.0,0.2839053691552703,instance,informative
0,0.17844202898550732,0.0,0.7329545454545454,0.4642857142857143,0.596811283783928,0.0,0.47891157526817274,0.9966442953020134,1.0,0.40600377881103783,instance,informative
0,0.37765957446808507,0.4,0.7563218390804598,0.39285714285714285,0.616820619463955,0.5,0.5025651057406175,1.0,1.0,-0.4678140868089177,instance,informative
0,0.6702898550724637,0.8,0.22807017543859653,0.5714285714285714,0.3012999186054405,1.0,0.5037322010539422,1.0,1.0,0.7483212193587233,instance,informative
1,0.26225490196078427,0.8,0.18727272727272726,0.6071428571428571,0.4268581120739854,1.0,0.5201148468176626,1.0,1.0,-0.4434230879853399,instance,informative
0,0.05714285714285716,0.4,0.7670250896057348,0.5357142857142857,0.4238711019055378,0.0,0.47363058299953353,0.9988814317673378,1.0,0.07902995173514736,instance,informative
0,0.2943181818181818,0.6,0.31472081218274117,0.35714285714285715,0.6350420849486049,0.0,0.4939101279680991,0.9994407158836689,1.0,-0.5088195080465703,instance,informative
1,0.525,1.0,0.6852791878172588,0.39285714285714285,0.38352876033189787,1.0,0.537165050388432,1.0,1.0,0.8494531048495332,instance,informative
0,0.202020202020202,0.6,0.24637681159420288,0.5714285714285714,0.40518969591452286,0.5,0.48621220975039015,0.9988814317673378,1.0,0.6770407136236464,instance,informative
0,0.11904761904761907,0.6,0.7329545454545454,0.42857142857142855,0.45167366056336067,0.0,0.48626224805109053,0.9988814317673378,0.975,2.0780185653520764,instance,informative
1,0.7840579710144928,1.0,0.7719298245614035,0.5714285714285714,0.44106722575097485,1.0,0.5339056049711324,1.0,1.0,-0.8537553064240186,instance,informative
0,0.22705314009661837,0.4,0.4727272727272728,0.5357142857142857,0.39939972021514925,0.5,0.4956109223280849,0.9994407158836689,1.0,0.20881050948840266,instance,informative
0,0.667608286252354,0.6,0.7563218390804598,0.42857142857142855,0.8117494015512828,0.5,0.5155120645640674,1.0,1.0,-1.3460966572416642,instance,informative
0,0.20685111989459815,0.0,0.4727272727272728,0.5714285714285714,0.40145780980650614,0.0,0.48884114652511934,0.9972035794183445,1.0,0.10659923639475606,instance,informative
0,0.21751412429378525,0.6,0.7670250896057348,0.32142857142857145,0.722367016807803,0.0,0.496363046009057,0.9994407158836689,1.0,-0.9218332211767115,instance,informative
1,0.7056818181818182,0.6,0.6852791878172588,0.42857142857142855,0.1788054566539815,1.0,0.5210780029696691,1.0,1.0,1.2718138782561488,instance,informative
0,0.040000000000000036,0.2,0.22807017543859653,0.7142857142857143,0.3202055865435489,0.0,0.4775828172529005,0.9977628635346756,1.0,1.5626732067667226,instance,informative
1,0.6223404255319149,0.6,0.48888888888888893,0.39285714285714285,0.6319210312364366,0.5,0.5188226401615161,1.0,1.0,0.25333997694447064,instance,informative
0,0.12698412698412698,0.0,0.22807017543859653,0.7142857142857143,0.6046582443544347,0.0,0.4626212091170784,0.9966442953020134,1.0,-0.24219386479023516,instance,informative
0,0.26892605633802824,0.0,0.31472081218274117,0.35714285714285715,0.6840495803858696,0.0,0.4692247443376839,0.9972035794183445,1.0,0.028754223048601108,instance,informative
0,0.0714285714285714,0.0,0.22807017543859653,0.7142857142857143,0.33557336378137614,0.0,0.4858987343603297,0.9949664429530202,0.975,0.40770406442958396,instance,informative
0,0.41415662650602414,0.4,0.4727272727272728,0.6785714285714286,0.5123795025200399,0.0,0.4688101092120397,0.9994407158836689,1.0,-0.14243291874363478,instance,informative
0,0.8222222222222222,0.6,0.5111111111111111,0.42857142857142855,0.6936195934797217,1.0,0.5098682552236771,1.0,1.0,-0.8877720698021825,instance,informative
0,0.8915584415584416,0.4,0.31034482758620685,0.42857142857142855,0.6412264734509436,0.0,0.48795284252160154,0.9983221476510067,1.0,0.18180744306842833,instance,informative
0,0.4841897233201581,0.0,0.7670250896057348,0.2857142857142857,0.637849427922446,0.0,0.47593672878886295,0.9972035794183445,1.0,0.04629449431276304,instance,informative
0,0.09090909090909083,0.2,0.22807017543859653,0.7142857142857143,0.3095455314234963,0.0,0.4725048909319337,0.9988814317673378,1.0,0.7568916979798255,instance,informative
1,0.7380952380952381,1.0,0.2436781609195402,0.8928571428571429,0.4529328052572037,1.0,0.5416616587748675,1.0,1.0,0.24779526189564952,instance,informative
0,0.40373563218390807,0.2,0.6363636363636364,0.35714285714285715,0.5374793622942745,0.0,0.4974718788021264,0.9994407158836689,1.0,-0.6846616805685197,instance,informative
1,0.3775100401606426,0.8,0.18974358974358974,0.6785714285714286,0.5011123461216377,0.5,0.5030480612280814,1.0,1.0,-0.5741489252674591,instance,informative
0,0.0357142857142857,0.2,0.21590909090909094,0.32142857142857145,0.5870629628903643,1.0,0.5063811260894768,1.0,1.0,0.23613301322677607,instance,informative
0,0.3466666666666667,0.2,0.7563218390804598,0.35714285714285715,0.4858397262923303,1.0,0.5064516476150286,1.0,0.975,-0.06085307907666184,instance,informative
0,0.48124098124098125,0.0,0.22807017543859653,0.7142857142857143,0.683414142286651,0.0,0.47877539624771737,0.9966442953020134,1.0,-0.018953331328029954,instance,informative
0,0.19191176470588234,0.2,0.13559322033898302,0.17857142857142858,0.2989893793471052,0.16666666666666666,0.4819988027579617,0.9988814317673378,1.0,1.6321694944119025,instance,informative
0,0.360655737704918,0.4,0.31472081218274117,0.35714285714285715,0.6272393299994522,0.0,0.48586988978109813,0.9988814317673378,1.0,-0.03144303077430886,instance,informative
0,0.0357142857142857,0.2,0.31472081218274117,0.35714285714285715,0.4490429308983568,1.0,0.5211511143219605,1.0,1.0,0.0971548462920509,instance,informative
0,0.038461538461538436,0.6,0.13559322033898302,0.17857142857142858,0.29775514939845726,0.0,0.4973760956688297,0.9994407158836689,1.0,0.25118146126015256,instance,informative
0,0.28260869565217395,0.4,0.13559322033898302,0.21428571428571427,0.30249921571056315,0.0,0.48354688158784787,0.9988814317673378,0.975,1.6374367058509915,instance,informative
0,0.11594202898550732,0.0,0.21590909090909094,0.32142857142857145,0.360530681194541,0.0,0.47969997006978393,0.9966442953020134,1.0,-0.5807356464474159,instance,informative
0,0.05555555555555558,0.2,0.31034482758620685,0.42857142857142855,0.46849821787099744,0.0,0.48032593186349537,0.9977628635346756,1.0,-0.0436303867298175,instance,informative
1,0.7048076923076922,0.8,0.18974358974358974,0.6071428571428571,0.5767102637404388,0.0,0.49925621987532964,0.9996884735202493,1.0,-0.7438075627628364,instance,informative
0,0.040000000000000036,0.4,0.22807017543859653,0.7142857142857143,0.5079052933646256,0.0,0.48031798582933083,0.9994407158836689,1.0,-0.7304706942566637,instance,informative
0,0.6224899598393574,0.6,0.7329545454545454,0.5714285714285714,0.668171671369234,0.5,0.5104772344762565,1.0,1.0,-0.8258175880020723,instance,informative
1,0.6730382293762576,1.0,0.5714285714285714,0.39285714285714285,0.4406879985539714,1.0,0.5301655075953757,1.0,1.0,-0.6165144420921055,instance,informative
0,0.12698412698412698,0.0,0.22807017543859653,0.7142857142857143,0.5791833988603461,0.0,0.46296543626502695,0.9972035794183445,1.0,-0.6881924547297434,instance,informative
0,0.09401709401709402,0.2,0.31472081218274117,0.35714285714285715,0.7402760823558789,0.0,0.4804516594772479,0.9994407158836689,1.0,-0.14770609245207278,instance,informative
0,0.18410462776659964,0.4,0.6363636363636364,0.5357142857142857,0.3748240462626662,1.0,0.5070645819279249,1.0,1.0,0.4818763855935288,instance,informative
1,0.7056818181818182,0.8,0.6852791878172588,0.42857142857142855,0.34933449693879304,1.0,0.5064178018486611,1.0,1.0,-0.13893774041921714,instance,informative
0,0.46338383838383834,0.6,0.8333333333333334,0.39285714285714285,0.4063887813699165,0.0,0.4775327596545146,0.9994407158836689,1.0,1.267868577359975,instance,informative
0,0.12698412698412698,0.2,0.22807017543859653,0.7142857142857143,0.404963630057393,0.0,0.49116037211346697,0.9983221476510067,1.0,0.2896646884045388,instance,informative
0,0.41415662650602414,0.6,0.5111111111111111,0.35714285714285715,0.3255810125326527,0.0,0.4759643863782691,0.9988814317673378,1.0,0.5107126989143265,instance,informative
0,0.5886627906976745,0.2,0.7563218390804598,0.5357142857142857,0.7244183806991433,0.0,0.45685396474891005,0.9988814317673378,1.0,-0.6147849936737908,instance,informative
0,0.3466666666666667,0.2,0.6363636363636364,0.39285714285714285,0.6961998242243209,0.0,0.45583700321481246,0.9988814317673378,1.0,0.3505776885949641,instance,informative
0,0.09401709401709402,0.4,0.31472081218274117,0.32142857142857145,0.5824129616125795,0.0,0.48914173533608596,0.9988814317673378,1.0,0.20224829257089896,instance,informative
0,0.32696177062374243,0.2,0.4285714285714286,0.42857142857142855,0.6125987071034591,0.0,0.41372044179057765,0.9988814317673378,1.0,-0.44345459880998594,instance,informative
1,0.7729468599033816,0.8,0.2436781609195402,0.5,0.6098336175334594,1.0,0.5097839008871539,1.0,0.975,-0.006276639729095951,instance,informative
0,0.10769230769230775,0.2,0.7670250896057348,0.32142857142857145,0.618511333476845,0.0,0.48771905800789805,0.9983221476510067,1.0,-1.0172410334553068,instance,informative
0,0.6145124716553289,0.4,0.7329545454545454,0.4642857142857143,0.755441369654573,1.0,0.5060051094855765,1.0,1.0,-1.153448921815158,instance,informative
1,0.9142857142857143,0.8,0.2329749103942652,0.5357142857142857,0.36099997936373407,1.0,0.5478483033611314,1.0,1.0,-0.28031295448423627,instance,informative
0,0.17844202898550732,0.0,0.7670250896057348,0.39285714285714285,0.6088294273530407,0.0,0.4654979469350975,0.9966442953020134,1.0,-0.4346506931295016,instance,informative
0,0.0,0.2,0.4285714285714286,0.4642857142857143,0.34235780861298,0.0,0.47120982085377694,0.9988814317673378,1.0,0.19651340452102548,instance,informative
0,0.5867346938775511,0.8,0.5111111111111111,0.42857142857142855,0.48042244930578926,0.5,0.4934751077862044,0.9994407158836689,1.0,-0.5161030130223064,instance,informative
0,0.40373563218390807,0.2,0.24637681159420288,0.39285714285714285,0.5123341409747585,0.0,0.48116740311515416,0.9983221476510067,1.0,0.2980395774653184,instance,informative
0,0.09090909090909083,0.0,0.13559322033898302,0.21428571428571427,0.335427798054848,0.0,0.4429262601638141,0.9972035794183445,1.0,0.04063704620505826,instance,informative
0,0.6007053291536051,0.4,0.5763546798029557,0.6428571428571429,0.5001669290837422,0.3333333333333333,0.4950430865208111,0.9988814317673378,1.0,0.30720323710284236,instance,informative
1,0.5858433734939759,0.8,0.2670454545454546,0.5714285714285714,0.4636194286158756,1.0,0.5196100986013118,1.0,1.0,0.5788906211771159,instance,informative
0,0.22705314009661837,0.2,0.7563218390804598,0.5357142857142857,0.685351288286697,0.0,0.480690631249745,0.9988814317673378,1.0,-1.1408545785090958,instance,informative
0,0.4744360902255639,0.2,0.5111111111111111,0.35714285714285715,0.3988952101180243,0.0,0.486755125572768,0.9994407158836689,1.0,-0.0518145991633139,instance,informative
0,0.16267605633802817,0.0,0.22807017543859653,0.7142857142857143,0.4539579835738966,0.0,0.4392116844487647,0.9966442953020134,1.0,0.46092300805588193,instance,informative
0,0.22941176470588232,0.4,0.6031746031746033,0.42857142857142855,0.7479638687812488,1.0,0.5061337113602135,1.0,1.0,0.06916101325422014,instance,informative
0,0.2127450980392156,0.6,0.4727272727272728,0.5714285714285714,0.5019347065294834,0.42857142857142855,0.4929751394678663,0.9994407158836689,1.0,0.2896195827985411,instance,informative
0,0.11594202898550732,0.2,0.13559322033898302,0.17857142857142858,0.28636755263506075,0.0,0.4834474415492017,0.9983221476510067,1.0,0.7554596758299565,instance,informative
0,0.23817567567567566,0.2,0.31472081218274117,0.35714285714285715,0.4891873237963681,0.0,0.48761523218789005,0.9983221476510067,1.0,1.4087272350945346,instance,informative
0,0.270516717325228,0.6,0.7563218390804598,0.4642857142857143,0.6627503321625084,1.0,0.5084478710637477,1.0,1.0,-0.838067792883811,instance,informative
0,0.11267605633802824,0.0,0.7329545454545454,0.5357142857142857,0.5139696497494691,0.0,0.46514351146607436,0.9932885906040269,1.0,1.1495797034543516,instance,informative
0,0.0,0.0,0.13559322033898302,0.17857142857142858,0.31681634387183816,0.0,0.4800469514782071,0.9972035794183445,1.0,0.5640454110354529,instance,informative
0,0.3315789473684211,0.2,0.22807017543859653,0.7142857142857143,0.4917992921248743,0.0,0.4827967360734443,0.9988814317673378,1.0,0.12945870715798657,instance,informative
0,0.4309352517985612,0.2,0.5111111111111111,0.42857142857142855,0.567354594963067,0.0,0.4703383330707409,0.9983221476510067,1.0,0.11250857236073172,instance,informative
0,0.6976377952755906,0.8,0.22807017543859653,0.7142857142857143,0.6970829703431131,0.6666666666666666,0.5092179728707233,1.0,1.0,0.1175551378194412,instance,informative
0,0.23706896551724133,0.2,0.7563218390804598,0.39285714285714285,0.3440365593721908,0.0,0.48241611021754394,0.9994407158836689,1.0,0.036985365416331066,instance,informative
1,0.7083333333333334,1.0,0.18727272727272726,0.5,0.6850812822922195,1.0,0.5458701659809421,1.0,1.0,-1.8025299880381538,instance,informative
0,0.0357142857142857,0.2,0.31472081218274117,0.35714285714285715,0.44829088442061915,0.0,0.478698257277945,0.9977628635346756,1.0,0.7134375911239531,instance,informative
0,0.0357142857142857,0.6,0.4727272727272728,0.5714285714285714,0.6315733236465956,0.0,0.4925606437410076,0.9988814317673378,1.0,-0.6837633427732696,instance,informative
0,0.3940789473684211,0.0,0.31472081218274117,0.39285714285714285,0.5170223774140766,0.0,0.47396037543578984,0.9921700223713646,1.0,0.8530190043950281,instance,informative
0,0.21590909090909083,0.0,0.22807017543859653,0.7142857142857143,0.348354048332182,0.0,0.4778294765185459,0.9972035794183445,1.0,1.8290433860136934,instance,informative
0,0.10769230769230775,0.4,0.7329545454545454,0.42857142857142855,0.5660586443289976,0.0,0.48871334067420624,0.9988814317673378,1.0,0.12496403442949505,instance,informative
0,0.18500000000000005,0.0,0.673202614379085,0.6071428571428571,0.41047050033675003,0.0,0.45273587445940344,0.9944071588366891,1.0,-0.2732905999021588,instance,informative
0,0.29519230769230775,0.0,0.5763546798029557,0.7142857142857143,0.39631752246281393,0.0,0.4700363002502922,0.9955257270693513,1.0,0.15126201711545215,instance,informative
0,0.1762452107279694,0.0,0.5763546798029557,0.7142857142857143,0.32779247146067414,0.0,0.477672985016258,0.9966442953020134,1.0,1.0660552810385377,instance,informative
0,0.34782608695652173,0.4,0.8102564102564103,0.5,0.7119505961410099,1.0,0.5143604233211807,1.0,1.0,-0.23184742313822734,instance,informative
0,0.475,0.2,0.7329545454545454,0.5,0.7718764091054148,0.0,0.4874401581995079,0.9977628635346756,1.0,0.14066973951945086,instance,informative
0,0.07692307692307687,0.2,0.6363636363636364,0.39285714285714285,0.7903028538534476,0.0,0.46567007919261294,0.9977628635346756,0.975,0.23441894919807102,instance,informative
0,0.22705314009661837,0.0,0.31472081218274117,0.35714285714285715,0.46615787191053293,0.14285714285714285,0.45170092910470916,0.9927293064876958,1.0,-0.38683762884871603,instance,informative
0,0.10769230769230775,0.2,0.7670250896057348,0.32142857142857145,0.820257883168452,0.0,0.47569718921556625,0.9983221476510067,1.0,0.5681072492796029,instance,informative
0,0.12698412698412698,0.2,0.673202614379085,0.5714285714285714,0.674829581963749,0.0,0.49826179788411806,0.9994407158836689,1.0,0.04893080403073622,instance,informative
0,0.7377450980392157,0.8,0.5763546798029557,0.7142857142857143,0.7258731765870624,0.0,0.4865698689710227,0.9994407158836689,1.0,-1.014457408680674,instance,informative
0,0.2127450980392156,0.0,0.8127272727272727,0.5,0.6593235954606702,0.0,0.4924063448660251,0.9966442953020134,1.0,0.19968472167123044,instance,informative
1,0.7824858757062148,0.6,0.2329749103942652,0.5714285714285714,0.4422877402574609,1.0,0.5217156078237785,1.0,1.0,0.768985754424648,instance,informative
0,0.1508474576271186,0.2,0.7670250896057348,0.5357142857142857,0.7990004988093842,0.0,0.4946661666997971,0.9983221476510067,1.0,0.10319135249672493,instance,informative
1,0.25,0.8,0.2436781609195402,0.42857142857142855,0.37731845291999166,1.0,0.536744209334016,1.0,1.0,0.40823106065015236,instance,informative
0,0.25757575757575757,0.2,0.22807017543859653,0.75,0.4224296831656179,1.0,0.5213389465775862,1.0,1.0,0.6861229050339828,instance,informative
0,0.23706896551724133,0.2,0.7329545454545454,0.6071428571428571,0.36368977592273255,0.0,0.45413021709243706,0.9977628635346756,1.0,0.6512728826637861,instance,informative
0,0.17361111111111116,0.6,0.5763546798029557,0.6785714285714286,0.6699286759074576,0.0,0.47853912626198614,0.9988814317673378,1.0,-0.4037704827816504,instance,informative
0,0.6303680981595092,0.0,0.8127272727272727,0.5,0.46524573183182344,0.0,0.45242351673055403,0.9972035794183445,1.0,0.9046737550080839,instance,informative
0,0.20769230769230762,0.2,0.7563218390804598,0.5714285714285714,0.6690703007526183,0.0,0.4864888062854572,0.9983221476510067,1.0,-0.05008897536666667,instance,informative
0,0.4744360902255639,0.0,0.5763546798029557,0.6785714285714286,0.5224406068139743,0.0,0.4460649169560832,0.9960850111856824,1.0,0.6046056867553493,instance,informative
0,0.17361111111111116,0.4,0.31472081218274117,0.35714285714285715,0.5025399171068738,0.0,0.4966057780798434,0.9994407158836689,1.0,0.25154323004258367,instance,informative
0,0.4126760563380282,0.2,0.4727272727272728,0.6785714285714286,0.6931254763676358,0.25,0.4899597769143591,0.9994407158836689,1.0,0.02811276481957646,instance,informative
0,0.16249999999999998,0.2,0.7563218390804598,0.39285714285714285,0.5369768782367689,0.0,0.49463838348813893,0.9988814317673378,1.0,-0.3615735766408947,instance,informative
1,0.7364532019704433,0.8,0.39682539682539686,0.39285714285714285,0.6003950524663219,1.0,0.5433441191950941,1.0,1.0,-0.5166578344460745,instance,informative
1,0.86,1.0,0.7719298245614035,0.5714285714285714,0.6413700670316281,1.0,0.552196569572388,1.0,1.0,-1.1022442450552008,instance,informative
0,0.35163398692810455,0.2,0.22807017543859653,0.6071428571428571,0.32433046969670654,0.0,0.47347331177373964,0.9994407158836689,1.0,1.5155765280427047,instance,informative
0,0.2635467980295567,0.4,0.5111111111111111,0.42857142857142855,0.4132123329309191,0.0,0.44097950610365244,0.9983221476510067,1.0,0.8986918482763837,instance,informative
1,0.6697722567287785,0.8,0.5272727272727273,0.6071428571428571,0.32497156818699313,0.75,0.49257856533887245,0.9996884735202493,1.0,0.5714862775721467,instance,informative
0,0.0625,0.2,0.4285714285714286,0.4642857142857143,0.32510576809033775,1.0,0.5003247574281249,1.0,1.0,-0.03903575440329146,instance,informative
0,0.3315789473684211,0.4,0.6031746031746033,0.42857142857142855,0.5417593266881618,0.0,0.4842020095344668,0.9988814317673378,1.0,-0.2666518160844622,instance,informative
0,0.09401709401709402,0.0,0.7670250896057348,0.32142857142857145,0.7284309290734344,0.0,0.46324916338983235,0.993847874720358,1.0,0.016973790170816867,instance,informative
0,0.17107843137254908,0.2,0.22807017543859653,0.7142857142857143,0.36159119032199016,0.0,0.4865106360956075,0.9994407158836689,1.0,1.0496627690727776,instance,informative
0,0.4841897233201581,0.2,0.4727272727272728,0.5714285714285714,0.4650743713145145,0.0,0.48184783137015574,0.9988814317673378,1.0,0.255149859197984,instance,informative
0,0.0357142857142857,0.2,0.7329545454545454,0.6071428571428571,0.5345805788644407,0.125,0.5084776609928144,1.0,1.0,0.6595918856376053,instance,informative
0,0.22705314009661837,0.4,0.6031746031746033,0.42857142857142855,0.35943333076756684,0.0,0.49030301115991803,0.9988814317673378,1.0,0.7041042901245175,instance,informative
0,0.0,0.2,0.22807017543859653,0.7142857142857143,0.3046261124263512,0.0,0.4950848220248323,0.9994407158836689,1.0,1.2460517498089352,instance,informative
0,0.040000000000000036,0.2,0.22807017543859653,0.7142857142857143,0.6739181700437628,0.0,0.489068337859069,0.9983221476510067,1.0,0.15899236712843276,instance,informative
0,0.0714285714285714,0.0,0.22807017543859653,0.7142857142857143,0.6509507925406802,0.0,0.48198303536947706,0.9960850111856824,1.0,-0.10455255020877831,instance,informative
0,0.0,0.0,0.13559322033898302,0.17857142857142858,0.2797409952101333,0.0,0.468869669428602,0.9966442953020134,0.95,0.5437700228124602,instance,informative
0,0.39789789789789787,0.2,0.31472081218274117,0.39285714285714285,0.45581377314270133,0.25,0.5141941809820356,1.0,1.0,0.4810148938131307,instance,informative
0,0.34090909090909083,0.2,0.7329545454545454,0.4642857142857143,0.49538943519843326,0.3333333333333333,0.536347320928108,1.0,1.0,-0.7809562440200858,instance,informative
0,0.09090909090909083,0.4,0.21590909090909094,0.32142857142857145,0.4966550642983797,0.0,0.4925069707973052,0.9994407158836689,1.0,-1.1102430043572302,instance,informative
0,0.25757575757575757,0.2,0.31034482758620685,0.42857142857142855,0.6784611733571054,0.0,0.4876038218176719,0.9983221476510067,1.0,-0.5999649076523027,instance,informative
0,0.05555555555555558,0.2,0.7670250896057348,0.35714285714285715,0.8122355205861824,0.0,0.48932820386669496,0.9988814317673378,1.0,-0.6610984487049293,instance,informative
0,0.4914792092706203,0.0,0.7563218390804598,0.5714285714285714,0.509432791946223,0.0,0.4587453364354248,0.993847874720358,1.0,-0.3089488968809115,instance,informative
0,0.07692307692307687,0.4,0.8102564102564103,0.5,0.6508623637433847,0.0,0.49918537099393123,0.9994407158836689,1.0,-1.2192295361628236,instance,informative
0,0.17142857142857149,0.0,0.24637681159420288,0.5714285714285714,0.3234445212893191,0.0,0.4576476694247371,0.9966442953020134,1.0,0.4785684708233594,instance,informative
0,0.11594202898550732,0.2,0.21590909090909094,0.32142857142857145,0.34201817311112837,0.0,0.49838511238299044,0.9988814317673378,1.0,-0.2619968711797816,instance,informative
0,0.1762452107279694,0.2,0.7329545454545454,0.42857142857142855,0.669688919260393,0.0,0.49771704465184585,0.9994407158836689,1.0,0.5984836283987777,instance,informative
0,0.6444270015698588,0.8,0.7329545454545454,0.5357142857142857,0.7160702056351029,0.5,0.506376821110706,1.0,1.0,0.4324912160718295,instance,informative
1,0.8809523809523809,0.8,0.2329749103942652,0.39285714285714285,0.33011924101949885,1.0,0.5169747896127653,1.0,1.0,0.6466516564181125,instance,informative
0,0.218568665377176,0.0,0.6363636363636364,0.2857142857142857,0.5316198458348731,0.0,0.4779234658413878,0.9960850111856824,1.0,0.019295390059189257,instance,informative
0,0.3940789473684211,0.4,0.7563218390804598,0.39285714285714285,0.6755979481720646,0.5,0.5112950588931158,1.0,1.0,-0.8248372377560226,instance,informative
0,0.29519230769230775,0.2,0.4727272727272728,0.6785714285714286,0.6771544477177528,0.0,0.4772574566443839,0.9983221476510067,1.0,-1.4104349293659662,instance,informative
0,0.04285714285714293,0.0,0.24637681159420288,0.5714285714285714,0.3778922771147373,0.0,0.4627734395696871,0.9949664429530202,1.0,0.814852884104134,instance,informative
0,0.3466666666666667,0.2,0.7563218390804598,0.9642857142857143,0.53111828912883,1.0,0.5069157194965308,1.0,1.0,-0.7770834926015722,instance,informative
0,0.0,0.2,0.24637681159420288,0.5357142857142857,0.3328158423232498,0.0,0.45272925525250063,0.9988814317673378,1.0,1.2143155994074357,instance,informative
0,0.19860139860139858,0.4,0.4727272727272728,0.6785714285714286,0.5891193902339651,0.0,0.49544473894456376,0.9983221476510067,1.0,-0.3835740286509711,instance,informative
0,0.20769230769230762,0.2,0.7563218390804598,0.39285714285714285,0.5949445144197614,0.0,0.4938828402384815,0.9994407158836689,1.0,-0.6227206617084179,instance,informative
0,0.23706896551724133,0.4,0.8127272727272727,0.5357142857142857,0.7309595136725685,0.5,0.4744627393590093,0.9988814317673378,1.0,-0.8605466280519196,instance,informative
0,0.09090909090909083,0.4,0.13559322033898302,0.17857142857142858,0.34286821855440675,0.0,0.4308330795890335,0.9983221476510067,1.0,0.4637742599596275,instance,informative
0,0.202020202020202,0.4,0.13559322033898302,0.17857142857142858,0.3650339939451055,0.2,0.495297882235494,0.9994407158836689,1.0,0.2628615058673647,instance,informative
0,0.22222222222222232,0.0,0.31472081218274117,0.39285714285714285,0.6178809563238973,0.0,0.47659702398816983,0.9960850111856824,1.0,-0.4685404710912138,instance,informative
0,0.12692307692307692,0.2,0.22807017543859653,0.6071428571428571,0.4424245270470152,0.0,0.4846221712670815,0.9988814317673378,1.0,1.3630165545645532,instance,informative
0,0.05084745762711862,0.2,0.4727272727272728,0.6785714285714286,0.39683274398098967,0.0,0.4980263463668857,0.9988814317673378,1.0,0.03613966942076247,instance,informative
0,0.26892605633802824,0.2,0.7563218390804598,0.5357142857142857,0.6554587789513775,0.0,0.4763869698042096,0.9983221476510067,1.0,0.33492790437396497,instance,informative
0,0.17107843137254908,0.2,0.24637681159420288,0.5714285714285714,0.41172109441180416,0.5,0.5009280673613401,1.0,1.0,1.0712424208460603,instance,informative
0,0.0357142857142857,0.2,0.8333333333333334,0.39285714285714285,0.6715496289213304,0.0,0.4817678267510357,0.9988814317673378,1.0,-0.3471156310629225,instance,informative
0,0.7377450980392157,0.4,0.6363636363636364,0.5,0.4099777338614471,0.5,0.5130465479795927,1.0,1.0,0.9614215338819704,instance,informative
0,0.26892605633802824,0.4,0.7329545454545454,0.42857142857142855,0.7254245680038868,0.0,0.4764881515530026,0.9988814317673378,1.0,-0.5269567476761063,instance,informative
0,0.4914792092706203,0.6,0.31472081218274117,0.35714285714285715,0.7613054266092589,0.5,0.500687214227107,1.0,1.0,-0.12826844705436338,instance,informative
0,0.3466666666666667,0.4,0.31472081218274117,0.35714285714285715,0.6153089791990555,0.25,0.48187844052007434,0.9994407158836689,1.0,0.17565717166473552,instance,informative
0,0.3940789473684211,0.4,0.22807017543859653,0.7142857142857143,0.818273012582074,1.0,0.5185333057087268,1.0,1.0,-1.4290404719366212,instance,informative
0,0.2635467980295567,0.4,0.5111111111111111,0.5357142857142857,0.49700433876213757,0.0,0.4771919956428359,0.9994407158836689,1.0,0.47457257128165203,instance,informative
0,0.0625,0.2,0.31472081218274117,0.42857142857142855,0.7230562839097865,0.0,0.4542520244246796,0.9983221476510067,1.0,-0.5538324316124433,instance,informative
0,0.18410462776659964,0.6,0.22807017543859653,0.7142857142857143,0.5495916481540951,0.5,0.4910204154139075,0.9994407158836689,1.0,0.2938217552529126,instance,informative
0,0.6754155730533684,0.4,0.5763546798029557,0.7142857142857143,0.6870999766582501,1.0,0.5000232011377633,1.0,1.0,-1.605656778479982,instance,informative
1,0.6793103448275861,1.0,0.18727272727272726,0.5,0.5207471824710465,1.0,0.526451529035729,1.0,0.975,-0.2642644461603267,instance,informative
0,0.7228260869565217,1.0,0.5763546798029557,0.7142857142857143,0.8163525555439636,1.0,0.5226037404083074,1.0,1.0,-0.09278430250992271,instance,informative
0,0.2206896551724138,0.2,0.6031746031746033,0.4642857142857143,0.8158390781011695,0.0,0.4483848787123037,0.9983221476510067,1.0,-0.18694824499793644,instance,informative
0,0.0,0.2,0.31472081218274117,0.35714285714285715,0.3574025169607564,0.0,0.4757864783640501,0.9977628635346756,1.0,1.5595532436027428,instance,informative
0,0.040000000000000036,0.4,0.6031746031746033,0.42857142857142855,0.2832447315411186,0.0,0.49498787165678715,0.9994407158836689,1.0,0.9550715050195108,instance,informative
0,0.22941176470588232,0.2,0.24637681159420288,0.5,0.42430396271799886,1.0,0.5017414962882498,1.0,1.0,-0.24957280286950145,instance,informative
0,0.3302277432712215,0.4,0.4727272727272728,0.6785714285714286,0.7250537231737374,0.0,0.4913012863626389,0.9988814317673378,1.0,-1.4599338866702252,instance,informative
0,0.038461538461538436,0.0,0.4285714285714286,0.4642857142857143,0.37656537643911925,0.0,0.4598885407723531,0.9876957494407159,1.0,0.5404314054463172,instance,informative
1,0.797979797979798,0.6,0.7719298245614035,0.5714285714285714,0.5844114268637546,1.0,0.5225038308656416,1.0,1.0,-0.4784090315519272,instance,informative
1,0.53,0.8,0.18727272727272726,0.7142857142857143,0.49921904018136287,1.0,0.5289559309253948,1.0,1.0,-0.20897098925748694,instance,informative
0,0.8180539932508437,0.6,0.22807017543859653,0.7142857142857143,0.540760956280228,0.75,0.5110233476159975,1.0,1.0,0.6845488157717653,instance,informative
0,0.033333333333333326,0.0,0.31034482758620685,0.42857142857142855,0.6661702420991676,0.0,0.46597638715125456,0.9955257270693513,1.0,-1.2950607850405031,instance,informative
0,0.3756756756756756,0.0,0.4285714285714286,0.4642857142857143,0.524543653252392,0.0,0.4810691937613897,0.9972035794183445,1.0,0.9439978976357211,instance,informative
1,0.7310739436619718,0.6,0.6852791878172588,0.35714285714285715,0.39036905831362734,1.0,0.5519609076190198,1.0,1.0,0.17247111271221807,instance,informative
1,0.49099099099099097,1.0,0.5714285714285714,0.5,0.5101315455121616,1.0,0.5318791448293735,1.0,1.0,0.8192374173129245,instance,informative
0,0.08571428571428563,0.2,0.6363636363636364,0.39285714285714285,0.627032835806614,0.0,0.4823390439528704,0.9977628635346756,1.0,-0.260594420508116,instance,informative
1,0.6483660130718955,0.4,0.5272727272727273,0.6071428571428571,0.501072139673838,1.0,0.5022619399808049,1.0,1.0,0.42280550039077336,instance,informative
1,0.05844155844155852,0.8,0.18727272727272726,0.75,0.5141209496869193,1.0,0.5228451073926572,1.0,1.0,0.8349750003735825,instance,informative
0,0.0,0.0,0.8127272727272727,0.5,0.46314101087578285,0.0,0.47479858023018595,0.9972035794183445,1.0,-0.6843410636613012,instance,informative
0,0.6145124716553289,0.2,0.8127272727272727,0.6071428571428571,0.6266503737214889,0.0,0.4881366197973387,0.9977628635346756,1.0,0.15307885469903493,instance,informative
0,0.09090909090909083,0.2,0.24637681159420288,0.5357142857142857,0.3800877609575387,0.0,0.46766459371626756,0.9988814317673378,1.0,1.0439620496030202,instance,informative
0,0.0,0.2,0.31472081218274117,0.35714285714285715,0.4195160128148364,0.0,0.4866024631616791,0.9983221476510067,1.0,-0.9651493838047877,instance,informative
0,0.11267605633802824,0.2,0.4285714285714286,0.4642857142857143,0.43310583778285805,0.14285714285714285,0.4906499995935599,0.9994407158836689,1.0,0.9393005829001113,instance,informative
0,0.3204022988505747,0.0,0.13559322033898302,0.21428571428571427,0.30819055372974813,0.0,0.44084055534110766,0.9955257270693513,1.0,0.3957268329075317,instance,informative
0,0.41415662650602414,0.6,0.673202614379085,0.6071428571428571,0.5768733271513995,0.0,0.4885674318203488,0.9994407158836689,1.0,0.44508600845435314,instance,informative
0,0.22023809523809523,0.2,0.24637681159420288,0.5357142857142857,0.6120044976257543,0.25,0.517998413119059,1.0,1.0,-0.009061396378163774,instance,informative
0,0.09090909090909083,0.2,0.673202614379085,0.6071428571428571,0.8027156858103467,0.0,0.445474814938539,0.9977628635346756,1.0,-0.5593439886627346,instance,informative
0,0.8051948051948052,0.6,0.7329545454545454,0.5,0.8135136162412541,1.0,0.5091205940293836,1.0,1.0,-2.310513557167738,instance,informative
1,0.5690647482014388,0.6,0.2436781609195402,0.5,0.30916354252530953,1.0,0.506430637780056,1.0,1.0,0.7404487232001707,instance,informative
0,0.18803418803418803,0.4,0.31472081218274117,0.35714285714285715,0.6087604526507504,0.5,0.5147418917247264,1.0,1.0,0.8082250589882327,instance,informative
0,0.28915662650602414,0.0,0.7563218390804598,0.39285714285714285,0.5823868054117939,0.0,0.4757526186630545,0.9960850111856824,1.0,-0.36517078731952174,instance,informative
1,0.7048076923076922,0.8,0.6852791878172588,0.32142857142857145,0.5153861846465877,0.5,0.4954382719710304,0.9996884735202493,1.0,-0.3516486745955312,instance,informative
0,0.09401709401709402,0.2,0.5763546798029557,0.5,0.6634431858600927,0.0,0.4852659055938724,0.9977628635346756,1.0,-0.40837630742187536,instance,informative
0,0.033333333333333326,0.0,0.673202614379085,0.39285714285714285,0.46540540074562897,0.0,0.4841103148137049,0.9966442953020134,0.975,0.36670605986489246,instance,informative
0,0.11594202898550732,0.2,0.22807017543859653,0.6071428571428571,0.33913070749477214,0.0,0.48847400178659495,0.9994407158836689,1.0,1.752599747065835,instance,informative
0,0.05555555555555558,0.0,0.22807017543859653,0.75,0.36753152484995943,0.0,0.4616556670713027,0.9966442953020134,1.0,0.423296350728101,instance,informative
0,0.12698412698412698,0.0,0.7329545454545454,0.5357142857142857,0.39246282328337967,0.0,0.4683374298497206,0.9972035794183445,0.975,1.268117787941671,instance,informative
0,0.20769230769230762,0.0,0.4285714285714286,0.4642857142857143,0.5002619030663774,0.0,0.46111700591046134,0.9966442953020134,1.0,-0.6053459117274489,instance,informative
0,0.19191176470588234,0.0,0.22807017543859653,0.6071428571428571,0.387694589099587,0.0,0.46539433390941476,0.9944071588366891,1.0,1.3335073147876555,instance,informative
1,0.6785714285714286,0.8,0.4236453201970444,0.6428571428571429,0.4574738028963591,1.0,0.5241262423952824,1.0,1.0,0.04853576434032536,instance,informative
0,0.07692307692307687,0.0,0.7329545454545454,0.6071428571428571,0.7160137589502897,0.0,0.4724579016265492,0.9955257270693513,1.0,-0.29925968272623027,instance,informative
0,0.3206896551724139,0.4,0.22807017543859653,0.7142857142857143,0.47259096557603486,0.0,0.49239615856611996,0.9994407158836689,1.0,0.4832878559956537,instance,informative
0,0.16267605633802817,0.2,0.7563218390804598,0.35714285714285715,0.713011818068626,0.5,0.5023045257491852,1.0,1.0,-1.3954302802304892,instance,informative
0,0.6007053291536051,0.2,0.31472081218274117,0.35714285714285715,0.3953958042527861,0.0,0.4995073609799733,0.9994407158836689,1.0,1.529044473591743,instance,informative
0,0.16267605633802817,0.2,0.22807017543859653,0.7142857142857143,0.47271900298371017,0.0,0.43572857184391056,0.9977628635346756,1.0,0.7602258142314303,instance,informative
0,0.3423423423423424,0.4,0.24637681159420288,0.5714285714285714,0.525103088837066,0.0,0.4954888126700717,0.9988814317673378,0.975,1.5186894882828954,instance,informative
0,0.0357142857142857,0.0,0.5111111111111111,0.42857142857142855,0.6719947070465243,0.0,0.46111969865303293,0.9949664429530202,1.0,-0.09528841936861594,instance,informative
0,0.0357142857142857,0.0,0.5111111111111111,0.35714285714285715,0.4906276357482997,0.0,0.4702987878458832,0.9972035794183445,1.0,-0.43653105735271136,instance,informative
0,0.0,0.4,0.7563218390804598,0.2857142857142857,0.6988172133822664,0.0,0.47175255678927885,0.9988814317673378,1.0,-0.022811990328232546,instance,informative
0,0.5886627906976745,0.4,0.7563218390804598,0.5357142857142857,0.7286421107433144,0.0,0.4706314682299668,0.9988814317673378,1.0,-1.1941389650581413,instance,informative
0,0.15773809523809523,0.4,0.24637681159420288,0.5357142857142857,0.42075128219128766,0.5,0.5040554596762756,1.0,1.0,-0.4841792685162172,instance,informative
0,0.10769230769230775,0.0,0.24637681159420288,0.5357142857142857,0.30248343057815463,0.0,0.4587978410308592,0.9944071588366891,1.0,1.2419689878996623,instance,informative
0,0.34782608695652173,0.2,0.31472081218274117,0.35714285714285715,0.447883279081302,0.16666666666666666,0.4860616364990078,0.9977628635346756,1.0,0.655557416246163,instance,informative
0,0.6660823838737949,1.0,0.8333333333333334,0.4642857142857143,0.7853502753758873,0.8,0.5167719077737323,1.0,1.0,-0.8684088652972192,instance,informative
0,0.05084745762711862,0.0,0.13559322033898302,0.17857142857142858,0.3790433851992112,0.0,0.4537635823438032,0.9944071588366891,1.0,0.6817203991087781,instance,informative
0,0.7772988505747127,0.2,0.5111111111111111,0.5357142857142857,0.6498432800676431,0.0,0.4957996003611711,0.9994407158836689,1.0,-0.7921811822984851,instance,informative
0,0.48124098124098125,0.2,0.8333333333333334,0.39285714285714285,0.4757354177581591,0.0,0.48184203404588144,0.9988814317673378,1.0,0.5885279049351322,instance,informative
0,0.0714285714285714,0.2,0.4285714285714286,0.5,0.7865961045438763,0.3333333333333333,0.4998227310872546,0.9994407158836689,1.0,-0.8221348256503813,instance,informative
0,0.822072072072072,0.6,0.8333333333333334,0.6071428571428571,0.778786723009485,1.0,0.5002294793198845,1.0,1.0,-1.01653272213157,instance,informative
0,0.3214285714285714,0.4,0.8127272727272727,0.5,0.5567846498191482,0.0,0.49416418300018805,0.9994407158836689,1.0,0.5677716623920938,instance,informative
0,0.22023809523809523,0.2,0.24637681159420288,0.5357142857142857,0.4698713315279758,0.0,0.4713464130012025,0.9983221476510067,1.0,0.45427857485158496,instance,informative
1,0.7310739436619718,1.0,0.2670454545454546,0.7857142857142857,0.49357214856480225,1.0,0.521482105965186,1.0,1.0,-0.6176346924565512,instance,informative
0,0.6660823838737949,0.4,0.7670250896057348,0.32142857142857145,0.6401515606218827,0.0,0.4902990903585742,0.9988814317673378,1.0,0.3712695915131396,instance,informative
0,0.09401709401709402,0.2,0.7329545454545454,0.5,0.699900736031996,1.0,0.5039445839882501,1.0,0.975,-1.0492103788920484,instance,informative
0,0.05555555555555558,0.2,0.22807017543859653,0.42857142857142855,0.6966203129141014,0.0,0.4885556129681766,0.9983221476510067,1.0,-0.1615102068282087,instance,informative
0,0.0357142857142857,0.0,0.4727272727272728,0.5714285714285714,0.5311613558157975,0.0,0.4629989105490139,0.9972035794183445,1.0,0.1785065937655749,instance,informative
1,0.5243243243243243,0.6,0.2436781609195402,1.0,0.32885045417597425,0.3333333333333333,0.5095036619037472,1.0,1.0,0.5903286521524452,instance,informative
0,0.18055555555555558,0.4,0.6031746031746033,0.42857142857142855,0.32653327997572,1.0,0.5308858634788861,1.0,0.975,0.50184584523689,instance,informative
1,0.33744221879815095,0.8,0.2329749103942652,0.5357142857142857,0.3782069525776909,1.0,0.5232136122374925,1.0,1.0,0.19244468100413326,instance,informative
0,0.2127450980392156,0.4,0.4727272727272728,0.6071428571428571,0.4647917447850447,0.3333333333333333,0.5068607149328427,1.0,1.0,-0.02891225972702522,instance,informative
0,0.20192307692307687,0.2,0.21590909090909094,0.32142857142857145,0.3530413245046261,0.0,0.45399455445664094,0.9994407158836689,1.0,0.861528616587526,instance,informative
0,0.12698412698412698,0.6,0.5111111111111111,0.42857142857142855,0.5866495466898985,0.0,0.4926303960564702,0.9988814317673378,1.0,-0.5221516086159419,instance,informative
1,0.543421052631579,1.0,0.7719298245614035,0.5,0.47614429370424216,1.0,0.5519905397050942,1.0,1.0,0.11618485604195611,instance,informative
1,0.8285714285714285,0.8,0.7536231884057971,0.35714285714285715,0.38811524578617856,0.75,0.5476667138924729,1.0,1.0,-0.10622834734551848,instance,informative
0,0.04285714285714293,0.4,0.22807017543859653,0.7142857142857143,0.6561034578862264,0.3333333333333333,0.47299193071423884,0.9994407158836689,1.0,0.564535191190597,instance,informative
0,0.4370689655172414,0.2,0.7563218390804598,0.39285714285714285,0.5949262114036022,0.0,0.45959709647415625,0.9988814317673378,1.0,-0.22457512804083843,instance,informative
0,0.22941176470588232,0.0,0.22807017543859653,0.6071428571428571,0.515198873262391,0.0,0.4737896473505693,0.9949664429530202,1.0,1.010418388870431,instance,informative
0,0.17107843137254908,0.0,0.22807017543859653,0.7142857142857143,0.4611530922245973,0.0,0.4749612387001543,0.993847874720358,1.0,0.8915180714384222,instance,informative
0,0.20358514724711907,0.0,0.5763546798029557,0.6785714285714286,0.4618105493977209,0.0,0.4626626384787227,0.9955257270693513,1.0,1.351481963976237,instance,informative
1,0.84,1.0,0.2329749103942652,0.2857142857142857,0.31684773268311694,1.0,0.5379584223477478,1.0,1.0,0.6704936130609332,instance,informative
1,0.8289215686274509,1.0,0.7719298245614035,0.5714285714285714,0.6491568147557651,1.0,0.5207133678798275,1.0,1.0,-0.007383782042720909,instance,informative
0,0.0357142857142857,0.0,0.5763546798029557,0.7142857142857143,0.6972165633666864,0.0,0.4492910099853821,0.9960850111856824,1.0,-2.5389287328584955,instance,informative
0,0.1166666666666667,0.0,0.5111111111111111,0.42857142857142855,0.6568301861804686,0.0,0.4849495671021131,0.9960850111856824,1.0,-1.1850592947838245,instance,informative
0,0.11428571428571432,0.6,0.24637681159420288,0.5714285714285714,0.4140627878601767,0.6666666666666666,0.520183453189808,1.0,1.0,-0.025834137601986204,instance,informative
0,0.2666666666666666,0.0,0.7563218390804598,0.5,0.6284871079629236,0.0,0.459057747076531,0.9899328859060402,1.0,0.03223026543239276,instance,informative
0,0.20192307692307687,0.0,0.31472081218274117,0.39285714285714285,0.45161136522358103,0.0,0.4786254922932611,0.9944071588366891,1.0,1.0210244949756853,instance,informative
0,0.21099290780141844,0.4,0.673202614379085,0.6071428571428571,0.5207323578952163,0.0,0.47155169002320896,0.9983221476510067,1.0,0.8217188311428011,instance,informative
0,0.11111111111111116,0.0,0.5111111111111111,0.6071428571428571,0.512645134693995,0.0,0.4680661010915955,0.9972035794183445,1.0,2.0619750531105443,instance,informative
0,0.0625,0.0,0.31472081218274117,0.35714285714285715,0.5726825789575688,0.0,0.4887105160299743,0.9949664429530202,1.0,-0.4275738184369677,instance,informative
0,0.12227602905569013,0.6,0.4727272727272728,0.6785714285714286,0.3532279443888733,1.0,0.505642170663018,1.0,1.0,0.9091737519134376,instance,informative
0,0.12692307692307692,0.0,0.31472081218274117,0.35714285714285715,0.3757472979786386,0.0,0.4611520126966384,0.9949664429530202,1.0,1.9857092514819377,instance,informative
0,0.26892605633802824,0.2,0.22807017543859653,0.7142857142857143,0.7875878740474914,0.0,0.48524679517456415,0.9988814317673378,1.0,-0.3074139603304425,instance,informative
0,0.8068376068376069,0.6,0.22807017543859653,0.5714285714285714,0.6726100684780647,1.0,0.5043458191280379,1.0,0.975,-0.7958583223892134,instance,informative
0,0.20192307692307687,0.4,0.6363636363636364,0.39285714285714285,0.7194494058369685,0.3333333333333333,0.52013534453985,1.0,1.0,0.1251380245555999,instance,informative
0,0.0,0.0,0.13559322033898302,0.17857142857142858,0.3821321002938526,0.0,0.48678654407009825,0.9972035794183445,1.0,0.4697673235836061,instance,informative
0,0.20685111989459815,0.0,0.24637681159420288,0.5714285714285714,0.43934660994069397,0.0,0.47471396814156974,0.9955257270693513,1.0,0.05341757866058382,instance,informative
0,0.0,0.2,0.13559322033898302,0.17857142857142858,0.42692419421215144,0.0,0.47656610298744584,0.9977628635346756,1.0,-0.08575551789752199,instance,informative
0,0.49760191846522783,0.0,0.24637681159420288,0.5714285714285714,0.3578073885303835,0.0,0.45436888609970383,0.9932885906040269,1.0,0.8963888449763378,instance,informative
1,0.5858433734939759,0.4,0.326797385620915,0.5357142857142857,0.31343805509061795,0.0,0.49321037597656703,0.9996884735202493,1.0,1.1501698507518356,instance,informative
0,0.12698412698412698,0.0,0.31034482758620685,0.42857142857142855,0.4794753398613859,0.0,0.4505983139392259,0.9972035794183445,1.0,0.47529918199358645,instance,informative
1,0.2350165172251062,0.6,0.18666666666666665,0.5,0.32770658609886627,0.0,0.494725519540936,0.9996884735202493,1.0,1.1250300571445209,instance,informative
0,0.2127450980392156,0.4,0.22807017543859653,0.7142857142857143,0.3258451305306319,0.0,0.4904186067498708,0.9988814317673378,1.0,1.0628760301355218,instance,informative
0,0.11428571428571432,0.0,0.7329545454545454,0.5714285714285714,0.45034642153652815,0.0,0.4816430650377097,0.9966442953020134,1.0,0.3099647801822257,instance,informative
0,0.09090909090909083,0.0,0.6363636363636364,0.39285714285714285,0.44085554371406044,0.0,0.4648998329274957,0.9972035794183445,1.0,0.7233491168085521,instance,informative
1,0.5416666666666667,0.4,0.2436781609195402,0.35714285714285715,0.21417277150659364,0.875,0.5135741725882227,1.0,1.0,0.9321875879141504,instance,informative
0,0.1607142857142857,0.4,0.7329545454545454,0.42857142857142855,0.5437961549910629,0.5,0.46600205703093067,0.9994407158836689,1.0,0.2750143663844071,instance,informative
0,0.8178294573643411,0.4,0.7329545454545454,0.4642857142857143,0.628396563257419,1.0,0.509373050688739,1.0,1.0,-0.40952135905581627,instance,informative
1,0.6021021021021021,1.0,0.2329749103942652,0.35714285714285715,0.21130863416907797,1.0,0.5262390598379918,1.0,1.0,1.0229592004900467,instance,informative
0,0.04285714285714293,0.4,0.21590909090909094,0.32142857142857145,0.41849924144616335,0.0,0.4850649744600043,0.9983221476510067,1.0,0.8891269148216058,instance,informative
0,0.17361111111111116,0.6,0.6363636363636364,0.39285714285714285,0.4646755019474772,0.0,0.46068304013576467,0.9988814317673378,1.0,0.8945477897494738,instance,informative
0,0.4098360655737705,0.0,0.7563218390804598,0.42857142857142855,0.6072636336237413,0.0,0.4751757046123323,0.9927293064876958,1.0,-0.34799176421091105,instance,informative
0,0.2666666666666666,0.4,0.7563218390804598,0.39285714285714285,0.4437576179605028,0.0,0.4806825094823328,0.9988814317673378,1.0,-0.8246159317524799,instance,informative
0,0.3315789473684211,0.2,0.22807017543859653,0.42857142857142855,0.7002129893565171,0.2,0.478202880872423,0.9983221476510067,1.0,-0.8191385298108546,instance,informative
1,0.5811128526645768,0.8,0.2670454545454546,0.5,0.5266437857384028,1.0,0.5093281313016955,1.0,1.0,0.5340708690176721,instance,informative
0,0.05084745762711862,0.4,0.31472081218274117,0.35714285714285715,0.3432574080922973,0.0,0.48519883258849694,0.9988814317673378,1.0,1.456354653833009,instance,informative
0,0.05714285714285716,0.0,0.24637681159420288,0.5,0.4586957073684862,0.0,0.46949183651841,0.9932885906040269,1.0,1.1695509335399072,instance,informative
0,0.2127450980392156,0.6,0.22807017543859653,0.6071428571428571,0.34714844407900725,0.5,0.5027437043386019,1.0,1.0,1.8880202736674114,instance,informative
0,0.19090909090909092,0.2,0.13559322033898302,0.17857142857142858,0.31812051127394303,0.5,0.499480738680274,0.9994407158836689,1.0,0.6031126238872312,instance,informative
0,0.2435897435897436,0.4,0.7563218390804598,0.39285714285714285,0.7576808460505389,1.0,0.5142821414480978,1.0,1.0,-0.591525617527054,instance,informative
0,0.05555555555555558,0.4,0.21590909090909094,0.21428571428571427,0.4882925303111639,0.0,0.4757153098371264,0.9994407158836689,1.0,-0.3405278501628243,instance,informative
0,0.47,0.2,0.4727272727272728,0.6785714285714286,0.5163262771568387,0.0,0.48052501185797014,0.9994407158836689,1.0,-0.3959641796726031,instance,informative
0,0.40373563218390807,0.2,0.31472081218274117,0.35714285714285715,0.4125689170073261,0.0,0.4976893693755612,0.9988814317673378,1.0,-0.0422038955570317,instance,informative
0,0.4309352517985612,0.0,0.4727272727272728,0.5714285714285714,0.7150990021120238,0.0,0.4759126213820395,0.9960850111856824,0.975,-0.675905425667713,instance,informative
0,0.7375886524822695,0.6,0.4727272727272728,0.5714285714285714,0.6968368026792882,0.0,0.4929949045396267,0.9994407158836689,1.0,-1.2294250230704464,instance,informative
0,0.0,0.2,0.7563218390804598,0.5357142857142857,0.8453376547058112,0.0,0.4871611265284914,0.9977628635346756,1.0,-1.4791904437743237,instance,informative
0,0.202020202020202,0.0,0.7329545454545454,0.7857142857142857,0.3923763260990343,0.0,0.42870416849389503,0.9960850111856824,1.0,0.854415683225735,instance,informative
0,0.4914792092706203,0.6,0.7670250896057348,0.4642857142857143,0.8292219687739801,0.0,0.4911433506204447,0.9988814317673378,1.0,-2.0264633768012876,instance,informative
0,0.28260869565217395,0.8,0.31034482758620685,0.42857142857142855,0.5941530911008762,0.5,0.47169459125927404,0.9994407158836689,1.0,-0.6979727802371323,instance,informative
0,0.218568665377176,0.0,0.31472081218274117,0.32142857142857145,0.4699659759596859,0.0,0.44182750068993315,0.9955257270693513,1.0,0.968828770208764,instance,informative
0,0.05084745762711862,0.2,0.8102564102564103,0.5357142857142857,0.46507158239348056,1.0,0.503043452778253,1.0,1.0,-0.6748283576088092,instance,informative
1,0.6991525423728814,0.8,0.4236453201970444,0.6428571428571429,0.5078676016360889,1.0,0.5025839786472468,1.0,1.0,0.2134871086457406,instance,informative
0,0.16805555555555562,0.2,0.21590909090909094,0.32142857142857145,0.3241154198230062,1.0,0.5004285366507806,1.0,0.975,-0.4057656810791136,instance,informative
0,0.16267605633802817,0.2,0.4727272727272728,0.5714285714285714,0.4036624075737456,0.0,0.4658166321231665,0.9977628635346756,1.0,0.36759666053934814,instance,informative
0,0.07692307692307687,0.4,0.6363636363636364,0.39285714285714285,0.6761286257884304,0.0,0.497203532454483,0.9994407158836689,1.0,0.20858516559084905,instance,informative
0,0.1399999999999999,0.4,0.7670250896057348,0.32142857142857145,0.31672592837815705,1.0,0.5227115366059943,1.0,1.0,1.5446816814895852,instance,informative
0,0.12227602905569013,0.6,0.7563218390804598,0.5,0.7659696296980828,1.0,0.5320525204173812,1.0,1.0,0.07097126959935761,instance,informative
0,0.09090909090909083,0.0,0.22807017543859653,0.6071428571428571,0.3519122139561386,0.0,0.4373466242447269,0.9927293064876958,1.0,1.1206564799562935,instance,informative
0,0.12692307692307692,0.0,0.22807017543859653,0.6071428571428571,0.6584975952387923,0.0,0.47605577020134415,0.9944071588366891,1.0,-0.03671553551681746,instance,informative
0,0.12227602905569013,0.2,0.31472081218274117,0.35714285714285715,0.7812825177683722,0.0,0.4893093504989867,0.9994407158836689,1.0,-0.15780422868945515,instance,informative
0,0.3756756756756756,0.0,0.24637681159420288,0.5714285714285714,0.46642484501703396,0.0,0.4459282846508613,0.9972035794183445,1.0,-0.060112392090058586,instance,informative
0,0.05084745762711862,0.2,0.31472081218274117,0.35714285714285715,0.5197914277483856,0.0,0.4777245649408638,0.9988814317673378,1.0,-0.04468369083026104,instance,informative
0,0.05555555555555558,0.2,0.31034482758620685,0.42857142857142855,0.5009804686348606,0.25,0.4806441586857255,0.9988814317673378,1.0,-0.32351813301455157,instance,informative
0,0.22941176470588232,0.0,0.22807017543859653,0.6071428571428571,0.34293010648330347,0.0,0.47408451866358614,0.9972035794183445,1.0,0.3824716189123458,instance,informative
0,0.6976377952755906,0.4,0.5763546798029557,0.6785714285714286,0.5529791888711045,0.0,0.4970955153784353,0.9994407158836689,1.0,0.37792987020243984,instance,informative
0,0.11428571428571432,0.2,0.8127272727272727,0.6071428571428571,0.4833871133251635,0.0,0.47202941231590323,0.9977628635346756,1.0,-0.5887344134606858,instance,informative
0,0.038461538461538436,0.0,0.13559322033898302,0.17857142857142858,0.3320787524639828,0.0,0.484722485402845,0.9972035794183445,0.975,0.8185625722248325,instance,informative
0,0.270516717325228,0.2,0.31472081218274117,0.39285714285714285,0.5824021443573794,0.0,0.47671778627708516,0.9983221476510067,1.0,0.383162345270148,instance,informative
0,0.20685111989459815,0.6,0.31472081218274117,0.32142857142857145,0.5288990447660832,0.0,0.46940852745250394,0.9994407158836689,1.0,0.6400639425814193,instance,informative
0,0.28915662650602414,0.6,0.673202614379085,0.5,0.7880077510167545,0.14285714285714285,0.5177770221104945,1.0,1.0,-0.65465794872525,instance,informative
0,0.0,0.2,0.24637681159420288,0.5714285714285714,0.367211452095788,0.0,0.4979138624327293,0.9988814317673378,1.0,-0.29544922406742385,instance,informative
0,0.17107843137254908,0.0,0.21590909090909094,0.32142857142857145,0.3722913624998907,0.0,0.4802289210506754,0.9966442953020134,1.0,0.23782118201588773,instance,informative
1,0.6223404255319149,1.0,0.7719298245614035,0.42857142857142855,0.6156437422538665,1.0,0.5196755971952769,1.0,1.0,-0.35370161475200607,instance,informative
0,0.05714285714285716,0.0,0.31472081218274117,0.32142857142857145,0.30040248150757287,0.0,0.4762149244630396,0.9972035794183445,1.0,2.1694572401224406,instance,informative
1,0.7761904761904762,1.0,0.5272727272727273,0.6071428571428571,0.7296547184738368,1.0,0.5291602025510593,1.0,1.0,-0.8335044603316767,instance,informative
0,0.2791666666666667,0.4,0.31034482758620685,0.42857142857142855,0.3626512789470392,0.0,0.4956944916013106,0.9994407158836689,1.0,1.110202684325068,instance,informative
0,0.4841897233201581,0.8,0.13559322033898302,0.17857142857142858,0.3442088991730049,1.0,0.5013702881004335,1.0,0.975,-0.5802124643490889,instance,informative
0,0.20358514724711907,0.4,0.7563218390804598,0.5,0.46786002544424954,0.5,0.48775301323141884,0.9994407158836689,1.0,-0.3411875287778166,instance,informative
0,0.26892605633802824,0.2,0.7563218390804598,0.39285714285714285,0.6521763713675974,0.0,0.481541014924303,0.9983221476510067,1.0,-0.4305244820395323,instance,informative
0,0.09999999999999998,0.8,0.5763546798029557,0.6785714285714286,0.49844067998197505,1.0,0.5255527349808466,1.0,1.0,-1.2229618864139624,instance,informative
0,0.0,0.0,0.673202614379085,0.6071428571428571,0.4026026857917633,0.0,0.46292435804442544,0.9972035794183445,1.0,-0.3055309249238114,instance,informative
0,0.23706896551724133,0.0,0.24637681159420288,0.5714285714285714,0.3341545361382564,0.0,0.4668266843500054,0.9960850111856824,1.0,0.22772770035696185,instance,informative
0,0.37765957446808507,0.2,0.22807017543859653,0.6071428571428571,0.4677639143143745,0.0,0.44775616291510445,0.9977628635346756,1.0,1.3226399412943044,instance,informative
0,0.05555555555555558,0.2,0.31472081218274117,0.39285714285714285,0.5390440299271734,0.0,0.47515364463081233,0.9977628635346756,1.0,0.9588409367618133,instance,informative
0,0.05084745762711862,0.0,0.22807017543859653,0.7142857142857143,0.5543028544743153,0.0,0.47327095176385736,0.9972035794183445,1.0,0.5318948281852678,instance,informative
0,0.2127450980392156,0.4,0.4727272727272728,0.6785714285714286,0.4028373972755085,1.0,0.5197286028741419,1.0,1.0,0.6682606723209197,instance,informative
0,0.3466666666666667,0.0,0.22807017543859653,0.7142857142857143,0.3503348581660858,0.0,0.4671116869974531,0.9960850111856824,1.0,0.9157339586522462,instance,informative
0,0.18181818181818177,0.8,0.4727272727272728,0.5357142857142857,0.5313896497759091,0.5,0.5106617194933987,1.0,1.0,0.6104706002457435,instance,informative
0,0.20512820512820507,0.4,0.8127272727272727,0.35714285714285715,0.3867704374468829,0.3333333333333333,0.5303919680287414,1.0,1.0,1.3360526596794349,instance,informative
0,0.2206896551724138,0.0,0.5111111111111111,0.35714285714285715,0.511335865579657,0.0,0.4807466675163785,0.9972035794183445,1.0,-0.3722486859666293,instance,informative
0,0.6976377952755906,0.8,0.22807017543859653,0.7142857142857143,0.7568376918940292,0.0,0.4974649523082345,0.9994407158836689,1.0,-0.9105219037513714,instance,informative
0,0.19860139860139858,0.4,0.31472081218274117,0.35714285714285715,0.6524199932672335,0.4,0.5185360644754526,1.0,1.0,-0.2240820514297983,instance,informative
0,0.19090909090909092,0.2,0.24637681159420288,0.5714285714285714,0.6343626498317964,0.0,0.4935743444825085,0.9994407158836689,1.0,0.5184170146967916,instance,informative
0,0.18181818181818177,0.4,0.6031746031746033,0.42857142857142855,0.5861302104665712,0.6666666666666666,0.5010702372129134,1.0,1.0,-0.18214153489422472,instance,informative
0,0.125,0.4,0.31472081218274117,0.32142857142857145,0.590931839927729,0.0,0.49541318149564795,0.9983221476510067,1.0,0.10977679652606931,instance,informative
1,0.275,0.6,0.36363636363636365,0.39285714285714285,0.6011717957496286,1.0,0.5136513555156195,1.0,1.0,-0.8043861574685104,instance,informative
0,0.6166495375128469,0.4,0.6031746031746033,0.42857142857142855,0.610521459150894,0.0,0.4826211139924126,0.9988814317673378,1.0,0.011710010482457324,instance,informative
0,0.20685111989459815,0.4,0.4727272727272728,0.6785714285714286,0.6414564462882346,0.0,0.4969478168073793,0.9994407158836689,1.0,-0.5055672711393722,instance,informative
0,0.04285714285714293,0.0,0.31034482758620685,0.4642857142857143,0.5334655776540377,0.0,0.4634511629261385,0.9949664429530202,1.0,0.4373691663276786,instance,informative
0,0.11594202898550732,0.4,0.21590909090909094,0.32142857142857145,0.2678152403336328,1.0,0.5291276372152467,1.0,0.975,0.4840870980943883,instance,informative
1,0.4949494949494949,0.4,0.36363636363636365,0.35714285714285715,0.5043434438910538,1.0,0.5055624748038573,1.0,1.0,0.8697705824657836,instance,informative
0,0.4309352517985612,0.0,0.31034482758620685,0.42857142857142855,0.3740854369640707,0.0,0.4831306521985217,0.9960850111856824,0.975,-0.2357441844415468,instance,informative
0,0.47,0.2,0.21590909090909094,0.32142857142857145,0.4031317643779083,0.0,0.4637310979306356,0.9994407158836689,1.0,1.0888848182619313,instance,informative
0,0.7309711286089239,0.2,0.4727272727272728,0.6785714285714286,0.46227632656475137,0.0,0.4963848910543974,0.9994407158836689,1.0,-0.9196236720322627,instance,informative
0,0.4188871473354232,0.6,0.21590909090909094,0.32142857142857145,0.4706297776276126,0.0,0.4931505054653683,0.9994407158836689,1.0,-0.44271481131657986,instance,informative
0,0.16500000000000004,0.4,0.6363636363636364,0.35714285714285715,0.35989551393682323,0.0,0.45170940588671515,0.9988814317673378,1.0,1.5339249973840492,instance,informative
0,0.3204022988505747,0.4,0.6363636363636364,0.39285714285714285,0.7446164344628833,0.0,0.45165386280650177,0.9994407158836689,1.0,-0.7442629696883577,instance,informative
0,0.0,0.0,0.5763546798029557,0.75,0.6551522612247426,0.0,0.48729211683721474,0.9972035794183445,1.0,0.03994832598897336,instance,informative
0,0.1508474576271186,0.4,0.31472081218274117,0.35714285714285715,0.485041648259394,0.5,0.5347459267272265,1.0,1.0,0.7324959672380035,instance,informative
0,0.1508474576271186,0.4,0.31472081218274117,0.35714285714285715,0.3133313344872096,1.0,0.5290958198108142,1.0,1.0,1.4324306225297447,instance,informative
0,0.12765957446808507,0.6,0.31472081218274117,0.39285714285714285,0.7399915266681986,1.0,0.5150711129501395,1.0,0.975,-0.41518598693966147,instance,informative
0,0.0357142857142857,0.8,0.6363636363636364,0.35714285714285715,0.6187976799186727,1.0,0.5036096663848815,1.0,1.0,0.04380523314665243,instance,informative
0,0.12765957446808507,0.4,0.7329545454545454,0.5,0.5250446163877439,0.0,0.4802436353820483,0.9983221476510067,1.0,0.11573040872435647,instance,informative
0,0.1166666666666667,0.4,0.22807017543859653,0.6071428571428571,0.3694445814035746,0.5,0.4961936372287856,0.9994407158836689,1.0,0.42179554594165225,instance,informative
0,0.2435897435897436,0.4,0.7563218390804598,0.5357142857142857,0.7017746605476916,0.3,0.47492103851454515,0.9988814317673378,1.0,-0.7113195613369637,instance,informative
0,0.040000000000000036,0.2,0.22807017543859653,0.6428571428571429,0.27843722332388987,1.0,0.5009572030647952,1.0,0.975,0.779075308682711,instance,informative
0,0.05714285714285716,0.2,0.8127272727272727,0.5714285714285714,0.2759588098585849,0.0,0.42701078449784646,0.9977628635346756,1.0,0.7845084705889823,instance,informative
0,0.218568665377176,0.8,0.7670250896057348,0.35714285714285715,0.6928664548130271,0.0,0.48235866719517895,0.9994407158836689,1.0,-0.2093127475169001,instance,informative
0,0.6224899598393574,0.4,0.7329545454545454,0.42857142857142855,0.6879498631045453,0.5,0.5088975157376138,1.0,1.0,-0.5684208297877392,instance,informative
0,0.7137014314928425,0.4,0.21590909090909094,0.32142857142857145,0.39043554724208684,1.0,0.5043699673480667,1.0,0.975,-0.2885763142843088,instance,informative
0,0.8521832498210451,0.6,0.7670250896057348,0.35714285714285715,0.748316794406809,0.6363636363636364,0.5148718220480106,1.0,1.0,-0.6705651998717993,instance,informative
0,0.08571428571428563,0.2,0.5111111111111111,0.5357142857142857,0.6971729432441585,0.0,0.48054824591597756,0.9983221476510067,1.0,-0.6621748486824807,instance,informative
0,0.11250000000000004,0.4,0.31472081218274117,0.39285714285714285,0.8160531717448017,0.0,0.46306826634346043,0.9988814317673378,1.0,-0.960013222656017,instance,informative
1,0.5129310344827587,0.6,0.326797385620915,0.5357142857142857,0.5028592286938528,0.5,0.4945157060169665,0.9996884735202493,1.0,0.6259481528477612,instance,informative
1,0.10236220472440949,0.6,0.18727272727272726,0.6428571428571429,0.3247372505471493,0.0,0.486446206958841,0.9993769470404984,1.0,0.3477744846248416,instance,informative
0,0.835016835016835,0.4,0.6363636363636364,0.39285714285714285,0.48509882577796215,0.5,0.4899280056780968,0.9988814317673378,1.0,-0.5026308514716107,instance,informative
0,0.28915662650602414,0.2,0.31034482758620685,0.42857142857142855,0.5398772726522122,0.0,0.4797486372939396,0.9994407158836689,1.0,-0.36339375923136574,instance,informative
0,0.7462264150943396,0.2,0.31034482758620685,0.42857142857142855,0.6667049431372419,0.2,0.47444194999056943,0.9977628635346756,1.0,-0.3987636145345472,instance,informative
0,0.23706896551724133,0.4,0.8102564102564103,0.5,0.6186049079927619,0.3333333333333333,0.48790085357189183,0.9994407158836689,1.0,-0.8437617942612642,instance,informative
1,0.905982905982906,1.0,0.48888888888888893,0.5714285714285714,0.3796014674852112,1.0,0.5606933981260048,1.0,1.0,0.25762892507290697,instance,informative
0,0.6224899598393574,0.8,0.31034482758620685,0.42857142857142855,0.615371717510243,0.0,0.46245849222667024,0.9994407158836689,1.0,0.43295568399321765,instance,informative
0,0.2126760563380281,0.0,0.8127272727272727,0.5,0.7411536441532124,0.0,0.48163777736703317,0.9966442953020134,1.0,-1.0006070124440982,instance,informative
1,0.8285714285714285,1.0,0.5714285714285714,0.5,0.37831282872973304,0.6,0.5280588263167569,1.0,1.0,-0.05037814945446282,instance,informative
0,0.25757575757575757,0.4,0.7563218390804598,0.5357142857142857,0.38259187540062883,1.0,0.5066992769621479,1.0,1.0,0.7218607045710277,instance,informative
0,0.3940789473684211,0.2,0.7563218390804598,0.5714285714285714,0.674241301635845,1.0,0.5101520286948947,1.0,1.0,-0.592824493685454,instance,informative
0,0.42647058823529416,0.8,0.4727272727272728,0.5714285714285714,0.6527208697944112,1.0,0.5083131953159089,1.0,1.0,-0.7932457262378154,instance,informative
0,0.19191176470588234,0.4,0.4285714285714286,0.4642857142857143,0.4644105904529262,0.0,0.4846623211252137,0.9994407158836689,1.0,0.7934730953099233,instance,informative
0,0.18803418803418803,0.4,0.31472081218274117,0.35714285714285715,0.3756406497859863,0.5,0.4413238112558451,0.9988814317673378,1.0,1.006670293803504,instance,informative
0,0.6754155730533684,0.4,0.22807017543859653,0.7142857142857143,0.7001840101501893,0.0,0.4923976788987211,0.9983221476510067,1.0,-0.04037374848436414,instance,informative
0,0.1508474576271186,0.0,0.7670250896057348,0.32142857142857145,0.5551681254453958,0.0,0.4454067607219072,0.9932885906040269,1.0,0.18117369385805698,instance,informative
0,0.05084745762711862,0.4,0.4727272727272728,0.4642857142857143,0.6786145076665884,0.0,0.4872702988944956,0.9994407158836689,1.0,-0.5681767659609863,instance,informative
0,0.05714285714285716,0.8,0.31472081218274117,0.39285714285714285,0.35436801056534084,0.5,0.5253129265926441,1.0,1.0,0.6464710508693675,instance,informative
1,0.7071428571428571,0.8,0.18727272727272726,0.6071428571428571,0.35859571033803395,1.0,0.5334915127387887,1.0,1.0,-0.42305204318291517,instance,informative
0,0.33673469387755106,0.2,0.4727272727272728,0.5714285714285714,0.5699199461996755,0.0,0.49480449608511246,0.9988814317673378,1.0,-0.10491477246105702,instance,informative
0,0.11250000000000004,0.2,0.31472081218274117,0.35714285714285715,0.5911403995373252,1.0,0.501666574370579,1.0,1.0,-0.2639642585337937,instance,informative
0,0.5050505050505051,0.4,0.5111111111111111,0.42857142857142855,0.7880775255568877,1.0,0.5106859043152647,1.0,1.0,-0.6906041292160828,instance,informative
0,0.7772988505747127,0.4,0.5111111111111111,0.5,0.8581511255339374,0.0,0.4820644439411922,0.9983221476510067,1.0,-1.989102127385227,instance,informative
0,0.41415662650602414,0.0,0.7563218390804598,0.35714285714285715,0.5798021926368038,0.0,0.46132542309845037,0.9960850111856824,1.0,-0.49250108880946153,instance,informative
1,0.7777777777777778,1.0,0.7840909090909091,0.25,0.6943852689632782,1.0,0.529147615569268,1.0,1.0,-0.5484398990598096,instance,informative
1,0.5416666666666667,0.4,0.36363636363636365,0.35714285714285715,0.32127223491166,0.0,0.47001955192919576,0.9990654205607477,1.0,0.8257949593596112,instance,informative
0,0.17142857142857149,0.2,0.4727272727272728,0.5714285714285714,0.37016141371422406,0.0,0.48578590818256173,0.9983221476510067,1.0,0.6767845570322578,instance,informative
0,0.630050505050505,0.4,0.5111111111111111,0.6071428571428571,0.6751401261636374,0.0,0.47570381070646117,0.9988814317673378,1.0,0.5255935371640389,instance,informative
0,0.40373563218390807,0.4,0.4727272727272728,0.5714285714285714,0.5178512687309839,0.25,0.4900150614296074,0.9994407158836689,1.0,0.6043604313679445,instance,informative
0,0.12692307692307692,0.2,0.22807017543859653,0.6071428571428571,0.35324558650956966,0.0,0.46714434411728345,0.9988814317673378,1.0,2.3061081320070014,instance,informative
0,0.46338383838383834,0.2,0.5763546798029557,0.7142857142857143,0.41615460564350515,0.0,0.4650429013144596,0.9983221476510067,1.0,0.9499320375640345,instance,informative
0,0.21594202898550718,0.4,0.22807017543859653,0.6071428571428571,0.41102660064696384,0.0,0.486470072288421,0.9994407158836689,1.0,1.5993428609796791,instance,informative
0,0.12692307692307692,0.2,0.22807017543859653,0.6071428571428571,0.4023776940383299,0.0,0.4842486487469472,0.9988814317673378,1.0,0.9645889792752456,instance,informative
0,0.0625,0.4,0.7670250896057348,0.32142857142857145,0.5280570899800198,1.0,0.5174886623531098,1.0,1.0,-0.12060668608174897,instance,informative
0,0.07692307692307687,0.2,0.5111111111111111,0.5357142857142857,0.7109494266331914,0.0,0.4962636700273496,0.9988814317673378,1.0,-0.37694868102664114,instance,informative
0,0.6391566265060241,0.4,0.5111111111111111,0.42857142857142855,0.7383355513178329,0.5,0.5304439393114166,1.0,1.0,-0.7765262053818234,instance,informative
0,0.12692307692307692,0.2,0.6363636363636364,0.35714285714285715,0.5801645262768216,0.0,0.4856181324226524,0.9983221476510067,1.0,0.32503314573510494,instance,informative
0,0.11250000000000004,0.0,0.21590909090909094,0.32142857142857145,0.4255968968619458,0.0,0.45700427065591986,0.9910514541387024,1.0,0.5609635359533087,instance,informative
0,0.08571428571428563,0.0,0.13559322033898302,0.17857142857142858,0.3471832311705708,0.0,0.4625096132922276,0.9960850111856824,1.0,-0.10235084248931722,instance,informative
1,0.8178571428571428,0.4,0.5272727272727273,0.6071428571428571,0.6953034647946588,1.0,0.5069411150508942,1.0,1.0,-1.0309445784420188,instance,informative
0,0.5050505050505051,0.2,0.673202614379085,0.39285714285714285,0.6833678271810655,1.0,0.5024405392146476,1.0,1.0,0.04320145190362566,instance,informative
0,0.04285714285714293,0.0,0.22807017543859653,0.7142857142857143,0.6190440557846643,0.0,0.4615036406608032,0.9955257270693513,1.0,1.147452557470536,instance,informative
0,0.2666666666666666,0.0,0.31472081218274117,0.35714285714285715,0.3571786273820302,0.0,0.48397235337337263,0.9966442953020134,1.0,0.8001652089915539,instance,informative
0,0.09090909090909083,0.2,0.13559322033898302,0.17857142857142858,0.29342370671901463,1.0,0.5312238915614949,1.0,0.975,0.6609836564094469,instance,informative
0,0.05084745762711862,0.0,0.13559322033898302,0.17857142857142858,0.4919087807304504,0.0,0.46989099222694,0.9972035794183445,1.0,0.1465121378139693,instance,informative
0,0.17142857142857149,0.0,0.7563218390804598,0.39285714285714285,0.4498393840702771,0.0,0.4691497792366618,0.9972035794183445,1.0,-0.2830262216987749,instance,informative
0,0.10769230769230775,0.2,0.5763546798029557,0.6785714285714286,0.6596586268740509,0.0,0.48557748491572084,0.9983221476510067,1.0,-0.08633992965620597,instance,informative
0,0.10769230769230775,0.2,0.31472081218274117,0.39285714285714285,0.524178293759507,0.0,0.47445292690072116,0.9977628635346756,1.0,0.057962114086335996,instance,informative
1,0.8833333333333333,0.6,0.18727272727272726,0.75,0.22378740059421254,0.5,0.49819294403538705,0.9996884735202493,1.0,1.3252729779196313,instance,informative
1,0.7705882352941176,0.8,0.6852791878172588,0.42857142857142855,0.6812321356449847,1.0,0.5137029819523662,1.0,1.0,-0.18766337801397734,instance,informative
0,0.2943262411347518,0.4,0.7329545454545454,0.6071428571428571,0.5493678049226373,0.0,0.4740099418957514,0.9983221476510067,1.0,-0.5044085223108531,instance,informative
1,0.8491525423728814,1.0,0.18727272727272726,0.6428571428571429,0.5876165154576631,1.0,0.5505229065905322,1.0,1.0,-0.8686713664625857,instance,informative
1,0.3775100401606426,1.0,0.39682539682539686,0.39285714285714285,0.2046378924936102,1.0,0.5583307393692567,1.0,1.0,1.035622228288974,instance,informative
1,0.5811128526645768,0.6,0.36363636363636365,0.32142857142857145,0.3767912462192066,1.0,0.5186743385705188,1.0,1.0,0.4947236312270356,instance,informative
0,0.1428571428571428,0.0,0.8102564102564103,0.5,0.5353614424356666,0.0,0.4800639253489599,0.9972035794183445,1.0,0.3683462418913124,instance,informative
0,0.202020202020202,0.2,0.24637681159420288,0.5714285714285714,0.5022825229802763,0.0,0.47381055870486855,0.9988814317673378,1.0,0.21348740810153882,instance,informative
1,0.5129310344827587,0.4,0.4236453201970444,0.6428571428571429,0.3877634049636943,0.0,0.4683753426069148,0.9990654205607477,1.0,0.2538138689991949,instance,informative
0,0.22941176470588232,0.0,0.6363636363636364,0.39285714285714285,0.44696175824278983,0.0,0.4664208895491492,0.9955257270693513,1.0,1.0746268763237865,instance,informative
0,0.09523809523809523,0.4,0.6363636363636364,0.35714285714285715,0.6306603445636076,0.0,0.49648060253675563,0.9994407158836689,1.0,-0.3369613052628522,instance,informative
0,0.1508474576271186,0.0,0.5763546798029557,0.7142857142857143,0.4654440943650008,0.0,0.4752339974971206,0.9972035794183445,1.0,-0.25029056761652757,instance,informative
0,0.125,0.0,0.6363636363636364,0.39285714285714285,0.41582427657736054,0.0,0.4421751857379729,0.993847874720358,1.0,1.2390460038384306,instance,informative
0,0.12698412698412698,0.4,0.8133333333333334,0.4642857142857143,0.6287344025667075,0.5,0.5088151125380272,1.0,1.0,-0.6365557908564969,instance,informative
0,0.23706896551724133,0.4,0.21590909090909094,0.32142857142857145,0.2834770481042539,0.0,0.4939418559449116,0.9994407158836689,1.0,1.1680846748307545,instance,informative
0,0.2635467980295567,0.0,0.31472081218274117,0.39285714285714285,0.5066935326417922,0.0,0.4659400623386649,0.9966442953020134,1.0,1.3107450029678493,instance,informative
1,0.7964148527528809,0.8,0.36363636363636365,0.39285714285714285,0.4096301856096902,0.5,0.4823508459356931,0.9996884735202493,1.0,-0.1939461489456919,instance,informative
0,0.12227602905569013,0.2,0.24637681159420288,0.5714285714285714,0.40383585820110424,0.0,0.4726435194662886,0.9983221476510067,1.0,0.8272576068289004,instance,informative
0,0.218568665377176,0.4,0.7329545454545454,0.42857142857142855,0.577687372990123,0.0,0.4897537116505337,0.9994407158836689,1.0,-0.13055344282740045,instance,informative
1,0.7777777777777778,0.4,0.2670454545454546,0.5357142857142857,0.421832103146466,0.0,0.43430644245761385,0.9990654205607477,1.0,-0.17685270493733135,instance,informative
0,0.202020202020202,0.2,0.22807017543859653,0.6071428571428571,0.319852646574466,0.25,0.4697918596872944,0.9983221476510067,1.0,1.4410788693368823,instance,informative
0,0.20192307692307687,0.0,0.31472081218274117,0.39285714285714285,0.5517899632867771,0.0,0.4531402021008355,0.9949664429530202,1.0,1.534728660545065,instance,informative
0,0.10769230769230775,0.2,0.5763546798029557,0.7142857142857143,0.5437095645456383,0.0,0.4741264657081481,0.9994407158836689,1.0,0.5959970528607259,instance,informative
0,0.0357142857142857,0.2,0.13559322033898302,0.17857142857142858,0.3829792980513158,0.0,0.49111621065726196,0.9988814317673378,1.0,0.5898044522170666,instance,informative
0,0.0625,0.2,0.6363636363636364,0.2857142857142857,0.5746943893535432,0.0,0.4181505301351158,0.9977628635346756,1.0,-1.7295954637279014,instance,informative
0,0.7772988505747127,0.6,0.24637681159420288,0.5714285714285714,0.7086447011455581,1.0,0.5306071294978811,1.0,1.0,-0.5135151393562969,instance,informative
0,0.4309352517985612,0.4,0.7563218390804598,0.6071428571428571,0.7806411689953962,0.0,0.49194545539865797,0.9988814317673378,1.0,-2.4958832950286367,instance,informative
0,0.8544871794871796,0.8,0.7329545454545454,0.5,0.3283737354192663,1.0,0.521316393909399,1.0,1.0,1.723821536991904,instance,informative
0,0.0714285714285714,0.0,0.7329545454545454,0.5,0.6452998058988588,0.0,0.44899503377572103,0.9960850111856824,1.0,0.16914384334761468,instance,informative
0,0.28915662650602414,0.2,0.5111111111111111,0.35714285714285715,0.5618399718878636,0.0,0.4878342864974984,0.9983221476510067,1.0,-0.22494669765941017,instance,informative
0,0.23817567567567566,0.0,0.7670250896057348,0.32142857142857145,0.5419926919420646,0.3333333333333333,0.4583174885433605,0.9960850111856824,1.0,0.5737082652865038,instance,informative
0,0.05555555555555558,0.0,0.22807017543859653,0.6071428571428571,0.6770974725254577,0.0,0.4709044812361055,0.9972035794183445,1.0,-0.43128215715599555,instance,informative
0,0.202020202020202,0.0,0.673202614379085,0.6071428571428571,0.3845476942437036,0.0,0.4303653393106961,0.9966442953020134,1.0,1.2010603503756612,instance,informative
0,0.4309352517985612,0.2,0.21590909090909094,0.32142857142857145,0.31697415659347916,0.0,0.4475933213929204,0.9977628635346756,1.0,-0.048347287320813156,instance,informative
0,0.08571428571428563,0.2,0.6363636363636364,0.42857142857142855,0.6105531283482024,0.0,0.4771949398993147,0.9983221476510067,1.0,-0.10753456161643761,instance,informative
0,0.18500000000000005,0.0,0.24637681159420288,0.5714285714285714,0.2859784062346905,0.0,0.44995393106698023,0.9921700223713646,0.975,0.16665272081068683,instance,informative
0,0.2127450980392156,0.4,0.7563218390804598,0.39285714285714285,0.471633473629833,1.0,0.5149184936461046,1.0,0.975,0.9490665446638435,instance,informative
0,0.8253757736516357,0.4,0.5111111111111111,0.5357142857142857,0.5344054884266327,1.0,0.5043634632681854,1.0,1.0,-0.41974487359821777,instance,informative
0,0.09401709401709402,0.2,0.7563218390804598,0.39285714285714285,0.40693259563026685,0.0,0.46394471921125013,0.9977628635346756,1.0,0.700445390045623,instance,informative
1,0.40578817733990147,0.6,0.36363636363636365,0.35714285714285715,0.45694489969622587,1.0,0.5063960293757541,1.0,1.0,0.0001024908387091883,instance,informative
1,0.2537735849056604,1.0,0.5714285714285714,0.5,0.4099381422946561,1.0,0.5386471500547709,1.0,1.0,-0.3579489786698557,instance,informative
0,0.05555555555555558,0.2,0.6363636363636364,0.2857142857142857,0.5997267173702937,1.0,0.5023006700473167,1.0,1.0,-0.774582099731892,instance,informative
0,0.0714285714285714,0.2,0.6363636363636364,0.39285714285714285,0.4846654718718363,0.0,0.476966821476968,0.9994407158836689,1.0,0.2408666768132857,instance,informative
0,0.35163398692810455,0.2,0.4727272727272728,0.5714285714285714,0.58231357809947,1.0,0.5026271369137236,1.0,1.0,1.4838492841606177,instance,informative
0,0.05084745762711862,0.2,0.7563218390804598,0.39285714285714285,0.6056305562663763,0.0,0.4529835175403565,0.9977628635346756,1.0,-0.9870751069388332,instance,informative
1,0.6697722567287785,0.8,0.326797385620915,0.5714285714285714,0.1958558680389354,1.0,0.5287575755983116,1.0,1.0,0.8610876412143963,instance,informative
0,0.04285714285714293,0.0,0.21590909090909094,0.32142857142857145,0.30758505371266986,0.0,0.4396858024939103,0.9972035794183445,1.0,0.01785793755049892,instance,informative
1,0.7564102564102564,0.8,0.18974358974358974,0.6071428571428571,0.34417587635906266,0.75,0.536918198751134,1.0,1.0,0.4087576959668033,instance,informative
0,0.2238095238095239,0.2,0.31472081218274117,0.35714285714285715,0.6025516743701007,0.0,0.46407642677191185,0.9988814317673378,1.0,-0.239968661119212,instance,informative
0,0.0,0.2,0.13559322033898302,0.17857142857142858,0.33194820790836194,0.0,0.46287439583596357,0.9983221476510067,0.975,0.5152278899860772,instance,informative
0,0.4098360655737705,0.0,0.7670250896057348,0.2857142857142857,0.6881878406598764,0.0,0.4660914281403248,0.9966442953020134,1.0,-0.2185121703314642,instance,informative
0,0.5050505050505051,0.2,0.31034482758620685,0.42857142857142855,0.4234964192667503,0.5,0.504651192730162,1.0,1.0,0.44836691268558143,instance,informative
0,0.2126760563380281,0.2,0.24637681159420288,0.5714285714285714,0.4330789006381971,0.3333333333333333,0.5036963837525299,1.0,1.0,0.8456163687144812,instance,informative
0,0.05084745762711862,0.0,0.24637681159420288,0.5714285714285714,0.4116186922045384,0.0,0.4615545070476825,0.9960850111856824,1.0,1.0569124154935226,instance,informative
0,0.6309352517985611,0.4,0.7329545454545454,0.5,0.5063110513839452,0.5,0.5068216869326923,1.0,1.0,0.488364236327665,instance,informative
0,0.4914792092706203,0.0,0.13559322033898302,0.21428571428571427,0.506018731575101,0.0,0.48063216915394835,0.9972035794183445,1.0,-0.7457289747552727,instance,informative
0,0.16267605633802817,0.4,0.22807017543859653,0.7142857142857143,0.45360889447574193,1.0,0.5016037623305848,1.0,1.0,0.1279135297316351,instance,informative
0,0.475,0.4,0.7563218390804598,0.5357142857142857,0.7785480950732795,0.0,0.49101108012619366,0.9994407158836689,1.0,-1.2665576537692635,instance,informative
1,0.09883720930232553,0.8,0.2436781609195402,0.39285714285714285,0.1405382541306377,1.0,0.5244670121469429,1.0,1.0,1.672809692221966,instance,informative
0,0.0714285714285714,0.4,0.6363636363636364,0.39285714285714285,0.47434535217962304,0.0,0.4722527371412808,0.9983221476510067,1.0,0.8081127549254741,instance,informative
0,0.05555555555555558,0.2,0.22807017543859653,0.7142857142857143,0.3576880488778881,0.0,0.4844684210164696,0.9977628635346756,1.0,0.5216801608769547,instance,informative
0,0.05555555555555558,0.4,0.22807017543859653,0.7142857142857143,0.5978501414868413,0.3333333333333333,0.48410149127782676,0.9994407158836689,1.0,0.5288696776667333,instance,informative
1,0.7948717948717949,1.0,0.5714285714285714,0.42857142857142855,0.593467935741515,1.0,0.5545906747459236,1.0,1.0,-0.9286326619462415,instance,informative
1,0.6795977011494253,1.0,0.08333333333333337,0.10714285714285714,0.6004293287180755,1.0,0.5376653227429224,1.0,1.0,0.6931481435552048,instance,informative
0,0.19191176470588234,0.4,0.22807017543859653,0.5714285714285714,0.5105234659230548,0.0,0.4954829026644444,0.9988814317673378,1.0,0.2067044651693343,instance,informative
0,0.16805555555555562,0.4,0.22807017543859653,0.7142857142857143,0.5452589508055198,0.0,0.48100077574607636,0.9994407158836689,1.0,-0.04736432099535832,instance,informative
0,0.22499999999999998,0.2,0.5763546798029557,0.7142857142857143,0.47924855305396385,0.5,0.5059105890716522,1.0,1.0,0.04881632159017787,instance,informative
0,0.662557781201849,0.2,0.8127272727272727,0.5714285714285714,0.7895129461536016,0.0,0.43812641866729973,0.9977628635346756,1.0,0.326485414714676,instance,informative
0,0.16267605633802817,0.2,0.8333333333333334,0.42857142857142855,0.6471988819313386,0.16666666666666666,0.45607985455666866,0.9977628635346756,1.0,-0.7857232728959533,instance,informative
0,0.17142857142857149,0.0,0.31034482758620685,0.42857142857142855,0.5563864920399005,0.0,0.4422526821161622,0.9960850111856824,1.0,0.594963187012272,instance,informative
1,0.7705882352941176,0.8,0.7840909090909091,0.35714285714285715,0.7236836220446627,0.5,0.5050387789287496,1.0,0.975,-1.9238926575196567,instance,informative
1,0.6223404255319149,0.8,0.2436781609195402,0.42857142857142855,0.42576822282760884,1.0,0.5176094994738998,1.0,1.0,-0.4861994807664332,instance,informative
0,0.05084745762711862,0.2,0.7329545454545454,0.7142857142857143,0.5425688593290983,0.0,0.49683063372144,0.9983221476510067,1.0,-0.19031090798561867,instance,informative
0,0.3846153846153846,0.6,0.673202614379085,0.42857142857142855,0.6830459670590714,0.0,0.49663166057996133,0.9994407158836689,0.975,-0.35452502714426065,instance,informative
0,0.7344961240310077,0.2,0.7563218390804598,0.39285714285714285,0.4385304291206875,0.0,0.4732230422880461,0.9977628635346756,1.0,0.23821495945974644,instance,informative
0,0.11111111111111116,0.0,0.22807017543859653,0.7142857142857143,0.6273114841033767,0.0,0.4182878537124991,0.9960850111856824,1.0,0.859722426030835,instance,informative
0,0.32352941176470584,0.2,0.5763546798029557,0.7142857142857143,0.4758836969093053,0.0,0.4691763009738943,0.9977628635346756,1.0,0.04063809215021988,instance,informative
0,0.05714285714285716,0.2,0.31472081218274117,0.39285714285714285,0.44966962050104653,0.0,0.4682123978095164,0.9983221476510067,1.0,0.562246128815143,instance,informative
0,0.23706896551724133,0.4,0.5763546798029557,0.6785714285714286,0.30729830515341205,0.5,0.48376486229249227,0.9994407158836689,1.0,1.2595661198153159,instance,informative
0,0.5886627906976745,0.2,0.7670250896057348,0.39285714285714285,0.7125953609671254,0.0,0.4910317324697482,0.9994407158836689,1.0,-1.5693846874927335,instance,informative
1,0.7761904761904762,1.0,0.18727272727272726,0.5,0.4368260349870763,1.0,0.5377503676224777,1.0,1.0,0.4032947953577581,instance,informative
0,0.11267605633802824,0.2,0.4285714285714286,0.4642857142857143,0.5199459979049642,0.0,0.4687773813299032,0.9977628635346756,1.0,0.16888811062147863,instance,informative
0,0.05084745762711862,0.0,0.31472081218274117,0.35714285714285715,0.6417807923654962,0.0,0.4772439628883294,0.9955257270693513,1.0,-0.5231244374283485,instance,informative
0,0.509009009009009,0.6,0.24637681159420288,0.5714285714285714,0.4256618292042074,0.5,0.4873904198065714,0.9994407158836689,1.0,0.17605187576354506,instance,informative
0,0.21590909090909083,0.2,0.22807017543859653,0.6071428571428571,0.3800780530678476,0.0,0.4953629855289656,0.9983221476510067,1.0,1.4888435239031375,instance,informative
0,0.0714285714285714,0.2,0.4285714285714286,0.4642857142857143,0.662096437514778,0.0,0.47316278879275686,0.9994407158836689,1.0,-0.5770859894263138,instance,informative
0,0.05084745762711862,0.2,0.8133333333333334,0.4642857142857143,0.5995782522164542,0.0,0.4618989850027019,0.9983221476510067,1.0,-0.23411619846843607,instance,informative
0,0.09090909090909083,0.4,0.21590909090909094,0.32142857142857145,0.2893514355952025,0.0,0.47079973972415057,0.9994407158836689,0.975,0.4322607351453677,instance,informative
1,0.797979797979798,1.0,0.2670454545454546,0.75,0.5743629658075204,1.0,0.527885049809657,1.0,1.0,-0.9273270250103751,instance,informative
0,0.65,0.6,0.6363636363636364,0.35714285714285715,0.5251169764957481,0.6666666666666666,0.510005493208614,1.0,1.0,-0.15182984260987234,instance,informative
0,0.11594202898550732,0.0,0.24637681159420288,0.5714285714285714,0.6396514613436848,0.0,0.4197641741800727,0.9972035794183445,1.0,-0.9865090361591595,instance,informative
0,0.0,0.0,0.31034482758620685,0.42857142857142855,0.5335145693296021,0.0,0.42768446503441837,0.9960850111856824,0.975,0.9016436115144505,instance,informative
0,0.11250000000000004,0.2,0.21590909090909094,0.32142857142857145,0.36966369582314185,0.0,0.49724531383579895,0.9988814317673378,1.0,0.28218468745087444,instance,informative
0,0.038461538461538436,0.2,0.75,0.17857142857142858,0.3574788024890041,0.0,0.4808981308179686,0.9988814317673378,1.0,-0.5489364579159987,instance,informative
0,0.33673469387755106,0.8,0.31472081218274117,0.35714285714285715,0.5987010932395905,1.0,0.501888619312984,1.0,1.0,-0.3718874418589591,instance,informative
0,0.05084745762711862,0.0,0.5763546798029557,0.5357142857142857,0.6273238853343305,0.0,0.4675884844396956,0.9944071588366891,1.0,-0.6394735308188467,instance,informative
0,0.18410462776659964,0.2,0.31472081218274117,0.35714285714285715,0.4733979239416404,0.0,0.49956695042477206,0.9994407158836689,1.0,0.9239880075250285,instance,informative
0,0.2127450980392156,0.2,0.8102564102564103,0.5714285714285714,0.5143403485416153,0.0,0.4953645318134887,0.9994407158836689,1.0,-0.13213120784103602,instance,informative
1,0.835,1.0,0.36363636363636365,0.39285714285714285,0.4627309180871439,1.0,0.5084756595452482,1.0,1.0,-0.1602629319445288,instance,informative
0,0.6642685851318945,0.2,0.5111111111111111,0.42857142857142855,0.771547085750675,0.5,0.49180340205353135,0.9994407158836689,1.0,-0.5552576272197308,instance,informative
0,0.05555555555555558,0.2,0.22807017543859653,0.6071428571428571,0.49723858388109343,0.0,0.450937457229328,0.9977628635346756,1.0,0.3798045286992274,instance,informative
1,0.8777239709443099,1.0,0.2329749103942652,0.25,0.3719799254485888,1.0,0.5675696139082024,1.0,1.0,0.40343648968611073,instance,informative
0,0.11904761904761907,0.2,0.7670250896057348,0.32142857142857145,0.698933355902415,0.0,0.4473169371418516,0.9988814317673378,1.0,0.4131692144826461,instance,informative
0,0.7603686635944701,0.4,0.13559322033898302,0.17857142857142858,0.571819415335393,0.5,0.4990264417145085,0.9994407158836689,1.0,-0.3854193182659943,instance,informative
0,0.05714285714285716,0.2,0.8333333333333334,0.39285714285714285,0.470487612474851,0.0,0.46895099889808556,0.9983221476510067,1.0,0.48543455102801364,instance,informative
1,0.7793103448275862,0.8,0.39682539682539686,0.42857142857142855,0.3778316426714422,1.0,0.5452923823440092,1.0,1.0,0.6222999647469052,instance,informative
0,0.0357142857142857,0.0,0.7329545454545454,0.6428571428571429,0.754088110958267,0.0,0.4756447663000285,0.9972035794183445,1.0,0.389605231160171,instance,informative
0,0.05714285714285716,0.0,0.5763546798029557,0.7142857142857143,0.3004807807126252,0.0,0.44991969432169965,0.9949664429530202,1.0,1.1822800220365963,instance,informative
1,0.7980769230769231,0.6,0.2670454545454546,0.5,0.18142862654720437,0.5,0.5108463397104083,1.0,1.0,0.2641302233919147,instance,informative
1,0.775,0.6,0.2436781609195402,0.39285714285714285,0.5425919276849439,1.0,0.5152131350612503,1.0,1.0,-0.19917266442330975,instance,informative
0,0.4309352517985612,0.6,0.7670250896057348,0.2857142857142857,0.7818177409564742,0.0,0.49959999045667614,0.9994407158836689,1.0,-0.6056533047424147,instance,informative
0,0.3206896551724139,0.4,0.8127272727272727,0.5,0.48760605015711167,0.0,0.493803468757507,0.9983221476510067,1.0,0.6875232466064501,instance,informative
0,0.16249999999999998,0.4,0.24637681159420288,0.5714285714285714,0.32384065838467946,0.0,0.4978305775479466,0.9994407158836689,1.0,-0.14102798880395565,instance,informative
1,0.7039215686274509,0.8,0.5272727272727273,0.6071428571428571,0.6094327442827525,1.0,0.5752922259292494,1.0,1.0,-0.7171441197250159,instance,informative
0,0.0357142857142857,0.4,0.7329545454545454,0.5,0.6724574641899533,0.0,0.4914658674896565,0.9988814317673378,1.0,1.0401886662246769,instance,informative
0,0.0625,0.2,0.6363636363636364,0.32142857142857145,0.3864044770954457,0.0,0.48028993774449513,0.9977628635346756,1.0,-0.7572874197644828,instance,informative
0,0.07692307692307687,0.2,0.7329545454545454,0.42857142857142855,0.6213093541238522,0.0,0.4899608688610685,0.9988814317673378,1.0,-0.4227596658921471,instance,informative
0,0.202020202020202,0.4,0.22807017543859653,0.7142857142857143,0.3599466840179697,0.0,0.49618255906259534,0.9994407158836689,1.0,0.5783899405919294,instance,informative
1,0.4949494949494949,0.4,0.18727272727272726,0.5357142857142857,0.3662814494823614,0.6666666666666666,0.4608406041562131,0.9993769470404984,1.0,-0.036570609880949616,instance,informative
1,0.8080882352941177,1.0,0.5272727272727273,0.5714285714285714,0.6091178383594998,1.0,0.5418147608160906,1.0,1.0,-0.31465246164793803,instance,informative
0,0.0714285714285714,0.2,0.21590909090909094,0.32142857142857145,0.34930294400800654,0.0,0.4865074711413728,0.9988814317673378,1.0,0.6869508600081667,instance,informative
0,0.07692307692307687,0.2,0.5111111111111111,0.42857142857142855,0.7719661117578752,1.0,0.5138266741387738,1.0,1.0,-0.6403118347978302,instance,informative
0,0.04285714285714293,0.6,0.7670250896057348,0.5,0.5367047362707602,1.0,0.5108655479635966,1.0,1.0,-0.28650462810115923,instance,informative
1,0.256656346749226,0.2,0.2436781609195402,0.8928571428571429,0.29657399884453195,0.5,0.4757833200181921,0.9990654205607477,1.0,0.18135058529948522,instance,informative
0,0.05555555555555558,0.6,0.22807017543859653,0.7142857142857143,0.44428711867454573,0.5,0.5102701453221068,1.0,1.0,-0.013884658556062645,instance,informative
0,0.5886627906976745,0.6,0.31472081218274117,0.35714285714285715,0.7336825820716294,0.0,0.4762646689025437,0.9988814317673378,1.0,-0.6571785199388337,instance,informative
0,0.28260869565217395,0.4,0.24637681159420288,0.5714285714285714,0.39597281869689294,0.25,0.4926758710910504,0.9983221476510067,1.0,-0.13115691976952626,instance,informative
0,0.8128930817610063,0.6,0.5763546798029557,0.6785714285714286,0.6649042870710605,0.0,0.48002639537353875,0.9994407158836689,1.0,0.1574879412260179,instance,informative
0,0.7137014314928425,0.0,0.7329545454545454,0.4642857142857143,0.5047324218122482,0.0,0.40605124356860645,0.9972035794183445,1.0,-0.6297196169962842,instance,informative
0,0.4188871473354232,0.2,0.22807017543859653,0.7142857142857143,0.5767508897869537,0.0,0.4953423935635475,0.9983221476510067,1.0,-0.6088184722028586,instance,informative
0,0.19191176470588234,0.6,0.8127272727272727,0.5,0.4165510423088983,1.0,0.5031289512521221,1.0,1.0,1.1433246541774185,instance,informative
0,0.0714285714285714,0.2,0.22807017543859653,0.7142857142857143,0.4496595709124641,0.0,0.46767484673632276,0.9977628635346756,1.0,1.3268988317187211,instance,informative
0,0.04285714285714293,0.4,0.8102564102564103,0.5357142857142857,0.7904597450078807,0.0,0.47473957585260707,0.9983221476510067,1.0,-1.7778852883667937,instance,informative
0,0.2791666666666667,0.2,0.31472081218274117,0.39285714285714285,0.5377203266692651,0.0,0.48594284049403214,0.9988814317673378,1.0,0.7790854101518162,instance,informative
0,0.033333333333333326,0.2,0.31034482758620685,0.42857142857142855,0.5336778556398345,0.0,0.45754051353685143,0.9983221476510067,1.0,-0.17888805446363087,instance,informative
0,0.16805555555555562,0.2,0.7563218390804598,0.5357142857142857,0.8101112065855164,0.0,0.47848461854990665,0.9983221476510067,1.0,-0.7921434508352894,instance,informative
0,0.0,0.0,0.6363636363636364,0.39285714285714285,0.4938576243378313,0.0,0.4730272587994433,0.9932885906040269,1.0,0.7176804973418874,instance,informative
0,0.0714285714285714,0.2,0.22807017543859653,0.7142857142857143,0.617170247252754,0.0,0.4852375507943032,0.9977628635346756,1.0,-0.40949820893086897,instance,informative
0,0.22705314009661837,0.0,0.22807017543859653,0.6071428571428571,0.4679647066364391,0.0,0.45265738581646076,0.993847874720358,1.0,-0.10150019338305082,instance,informative
0,0.4309352517985612,0.8,0.8127272727272727,0.75,0.7851738080950343,0.75,0.49383126259676924,0.9994407158836689,1.0,-1.2924370597478507,instance,informative
0,0.7309711286089239,0.2,0.673202614379085,0.42857142857142855,0.8247132961772082,0.0,0.48162095787109993,0.9977628635346756,1.0,-1.1236191641230695,instance,informative
0,0.05555555555555558,0.0,0.22807017543859653,0.7142857142857143,0.3055704532933362,0.0,0.4645779102378892,0.9949664429530202,0.975,2.2163804781504473,instance,informative
0,0.12698412698412698,0.8,0.7563218390804598,0.42857142857142855,0.5961728522792088,1.0,0.5281491155048359,1.0,1.0,0.06711104817685959,instance,informative
0,0.17844202898550732,1.0,0.5763546798029557,0.7142857142857143,0.7507831867179261,1.0,0.5241130214229319,1.0,1.0,0.13719131446970903,instance,informative
0,0.1762452107279694,0.0,0.24637681159420288,0.5714285714285714,0.40636924520223605,0.0,0.4771261064796686,0.9972035794183445,1.0,1.5192158233958974,instance,informative
0,0.19090909090909092,0.2,0.13559322033898302,0.17857142857142858,0.3522840566838461,0.25,0.5246417786772262,1.0,1.0,0.41652641410809615,instance,informative
0,0.0,0.2,0.7329545454545454,0.42857142857142855,0.4838595456849699,0.0,0.4639961450107496,0.9977628635346756,1.0,-0.6693713982271551,instance,informative
0,0.21594202898550718,0.2,0.22807017543859653,0.7142857142857143,0.5911164526775017,0.0,0.4876723831593498,0.9988814317673378,1.0,0.04547245896425047,instance,informative
0,0.0357142857142857,0.2,0.5111111111111111,0.35714285714285715,0.8152358485591867,0.0,0.4686566104024562,0.9977628635346756,1.0,-1.3544073913910637,instance,informative
0,0.11428571428571432,0.0,0.21590909090909094,0.32142857142857145,0.38586260932153793,0.0,0.4715453059976936,0.9921700223713646,1.0,-0.5332238446796425,instance,informative
0,0.1217948717948718,0.4,0.673202614379085,0.6071428571428571,0.5371602574991257,0.3333333333333333,0.5108539449121772,1.0,0.975,-0.5626910905482085,instance,informative
0,0.37765957446808507,0.2,0.22807017543859653,0.6071428571428571,0.4964011888757236,0.0,0.47791097364493085,0.9988814317673378,1.0,0.47615956476356647,instance,informative
0,0.05084745762711862,0.2,0.7670250896057348,0.32142857142857145,0.43409736665037674,0.0,0.47798369153222964,0.9977628635346756,1.0,-0.19620499210561212,instance,informative
0,0.218568665377176,0.4,0.31472081218274117,0.39285714285714285,0.5181410366048396,0.0,0.4682664472011465,0.9994407158836689,1.0,1.1389004967763585,instance,informative
1,0.6730382293762576,0.8,0.2670454545454546,0.7857142857142857,0.6488124419572572,1.0,0.5242575286892326,1.0,1.0,-1.3939317172442676,instance,informative
0,0.7462264150943396,0.4,0.5111111111111111,0.35714285714285715,0.6042870421904577,0.5,0.48890067753684663,0.9994407158836689,1.0,-0.026409706308440178,instance,informative
1,0.5629310344827586,0.6,0.2329749103942652,0.35714285714285715,0.1986399818264294,1.0,0.5072513849816744,1.0,1.0,1.546445176440561,instance,informative
0,0.4309352517985612,0.6,0.7329545454545454,0.5,0.7253093069593444,1.0,0.5003056135036075,1.0,0.975,-0.7171650101834639,instance,informative
1,0.7104895104895105,0.8,0.18974358974358974,0.6071428571428571,0.42146581099777825,0.75,0.5348332987070614,1.0,1.0,-0.1354999872649681,instance,informative
0,0.040000000000000036,0.0,0.22807017543859653,0.7142857142857143,0.41299357567702033,0.0,0.4548138267768326,0.9966442953020134,1.0,0.3915179491666366,instance,informative
0,0.2206896551724138,0.2,0.24637681159420288,0.5714285714285714,0.6363367119895141,0.3333333333333333,0.48531285932961155,0.9988814317673378,1.0,0.08756803390111509,instance,informative
0,0.2943181818181818,0.6,0.22807017543859653,0.7142857142857143,0.7241468560988048,0.0,0.49042440055705805,0.9994407158836689,1.0,-1.1985477663964248,instance,informative
0,0.47,0.2,0.8102564102564103,0.5,0.7538614925104692,0.0,0.4705385749987304,0.9983221476510067,1.0,-0.9138526900951516,instance,informative
1,0.3607287449392713,0.4,0.2436781609195402,1.0,0.46903729587403287,1.0,0.5031891480946458,1.0,1.0,0.23298629625175482,instance,informative
0,0.12227602905569013,0.4,0.13559322033898302,0.17857142857142858,0.3167377100090946,0.5,0.4921028754225242,0.9994407158836689,1.0,1.5279547008852934,instance,informative
1,0.4949494949494949,0.6,0.7719298245614035,0.6428571428571429,0.2420535392761627,0.0,0.4612046144316446,0.9993769470404984,1.0,-0.5078560197447268,instance,informative
0,0.23706896551724133,0.2,0.24637681159420288,0.5357142857142857,0.2979439380858242,0.0,0.4881222883080336,0.9988814317673378,1.0,-0.14141424387747673,instance,informative
0,0.22941176470588232,0.4,0.7329545454545454,0.5357142857142857,0.6155748379889001,0.3333333333333333,0.47689143264579625,0.9988814317673378,1.0,0.00872703442375859,instance,informative
0,0.09090909090909083,0.2,0.6363636363636364,0.39285714285714285,0.5763119225354233,0.0,0.48834948835024816,0.9988814317673378,1.0,0.32166058191486574,instance,informative
0,0.20685111989459815,0.2,0.7563218390804598,0.7857142857142857,0.6631058439848037,0.0,0.49093696696935674,0.9994407158836689,1.0,-0.6779957263715846,instance,informative
0,0.05555555555555558,0.2,0.22807017543859653,0.6071428571428571,0.4183664759896137,0.0,0.4925738935081748,0.9994407158836689,1.0,0.5229744853422938,instance,informative
0,0.1762452107279694,0.2,0.8127272727272727,0.5,0.5769352936839364,0.0,0.4929686340999828,0.9988814317673378,1.0,-0.6804935350189337,instance,informative
1,0.38749999999999996,0.2,0.7719298245614035,0.5714285714285714,0.6218565822484999,0.0,0.4751032382483614,0.9987538940809969,1.0,-0.3315826863536797,instance,informative
0,0.4744360902255639,0.2,0.7563218390804598,0.5357142857142857,0.7355203459736132,0.0,0.45841374481197783,0.9988814317673378,1.0,-0.9297430308284454,instance,informative
0,0.0,0.0,0.7563218390804598,0.35714285714285715,0.36310019832112905,0.0,0.476159915185535,0.9960850111856824,1.0,0.12862875621486683,instance,informative
0,0.2943181818181818,0.6,0.31472081218274117,0.35714285714285715,0.5431626766037289,0.6,0.5046292515764728,1.0,1.0,0.7418612130295063,instance,informative
0,0.0,0.2,0.21590909090909094,0.21428571428571427,0.5371197826264428,0.0,0.47141845405488436,0.9994407158836689,1.0,0.7009619450171719,instance,informative
0,0.05084745762711862,0.0,0.6363636363636364,0.39285714285714285,0.4373285699573288,0.0,0.44947561771818745,0.9966442953020134,1.0,0.2063289822576344,instance,informative
0,0.7375109553023663,0.0,0.22807017543859653,0.7142857142857143,0.5067798158018145,0.0,0.4737536546789255,0.9972035794183445,1.0,0.7932765305879994,instance,informative
0,0.35163398692810455,0.6,0.4727272727272728,0.5714285714285714,0.5127174057827261,0.3333333333333333,0.5076329615937214,1.0,1.0,0.2770562047503771,instance,informative
0,0.47,0.0,0.21590909090909094,0.32142857142857145,0.662182609607352,0.0,0.47857049572340504,0.9966442953020134,1.0,-0.05439988060406544,instance,informative
1,0.3339176161262051,0.8,0.6852791878172588,0.32142857142857145,0.6227177898698618,0.0,0.49849383570875205,0.9996884735202493,1.0,-0.44221718441629554,instance,informative
0,0.18181818181818177,0.6,0.31472081218274117,0.39285714285714285,0.7672219926724111,0.0,0.48477061153659584,0.9988814317673378,1.0,-1.37546447658955,instance,informative
0,0.18181818181818177,0.2,0.7563218390804598,0.5357142857142857,0.6012311169570461,0.0,0.4648374493960751,0.9994407158836689,1.0,0.30831823630729854,instance,informative
0,0.218568665377176,0.4,0.31472081218274117,0.42857142857142855,0.7230988073905629,0.2,0.48939703041552496,0.9988814317673378,1.0,-0.8602907280761244,instance,informative
1,0.8857142857142857,0.6,0.7536231884057971,0.35714285714285715,0.3649693143848164,1.0,0.5206228674119253,1.0,1.0,0.8598693806464112,instance,informative
0,0.22941176470588232,0.6,0.22807017543859653,0.6071428571428571,0.5364931531500958,0.375,0.49540165509549816,0.9994407158836689,1.0,-0.3950766983542095,instance,informative
0,0.2127450980392156,0.2,0.8127272727272727,0.5,0.37888888414044863,0.5,0.5075868501904649,1.0,1.0,0.8260807145419058,instance,informative
0,0.6536796536796536,0.4,0.8102564102564103,0.5357142857142857,0.683023007907959,0.5,0.4890526384544541,0.9994407158836689,1.0,-0.6903002113558986,instance,informative
0,0.20238095238095233,0.4,0.673202614379085,0.5,0.7716258870238575,0.2,0.49057430478674613,0.9994407158836689,1.0,-0.7286875132793819,instance,informative
0,0.22941176470588232,0.6,0.8333333333333334,0.5714285714285714,0.6165041277636507,0.0,0.4696676993426736,0.9994407158836689,1.0,-0.2219612193505533,instance,informative
0,0.2053571428571428,0.0,0.24637681159420288,0.5714285714285714,0.41579622977436037,0.0,0.45506663286340043,0.9966442953020134,1.0,0.2926939340452406,instance,informative
0,0.202020202020202,0.4,0.24637681159420288,0.5357142857142857,0.4312288780966025,0.4,0.5038945627864606,1.0,1.0,0.5478725114820705,instance,informative
0,0.12765957446808507,0.2,0.31472081218274117,0.35714285714285715,0.4402187717208733,0.0,0.4836757601042643,0.9983221476510067,1.0,0.895032570008005,instance,informative
0,0.2895104895104895,0.2,0.7563218390804598,0.39285714285714285,0.4096151998975196,0.0,0.49644384741472725,0.9988814317673378,1.0,-0.05564153612806158,instance,informative
0,0.0714285714285714,0.2,0.7563218390804598,0.35714285714285715,0.4800457712790913,0.5,0.5035319304241893,1.0,1.0,0.3150422463324104,instance,informative
1,0.6223404255319149,0.6,0.6852791878172588,0.35714285714285715,0.38934333909187124,1.0,0.5110601488352106,1.0,1.0,-0.10667413165669368,instance,informative
0,0.23817567567567566,0.2,0.24637681159420288,0.5714285714285714,0.5462467824974929,0.0,0.4805995923044506,0.9983221476510067,1.0,0.12868656842011272,instance,informative
0,0.0,0.2,0.21590909090909094,0.35714285714285715,0.3479015168005546,0.0,0.4868082481918573,0.9988814317673378,1.0,1.1770545938323025,instance,informative
0,0.11111111111111116,0.2,0.7329545454545454,0.4642857142857143,0.703315183024094,0.0,0.47431961105001597,0.9977628635346756,1.0,0.4957354648255674,instance,informative
0,0.09090909090909083,0.2,0.21590909090909094,0.21428571428571427,0.31005795709329165,0.0,0.4651421228373729,0.9994407158836689,1.0,1.4328643861770898,instance,informative
1,0.7873239436619719,1.0,0.7536231884057971,0.4642857142857143,0.5765863254894952,1.0,0.5244721646633815,1.0,0.975,-0.14905161903532485,instance,informative
0,0.662557781201849,0.6,0.6363636363636364,0.39285714285714285,0.7087672013216659,1.0,0.5081988237242742,1.0,1.0,0.1070690715388734,instance,informative
1,0.0,0.6,0.36363636363636365,0.32142857142857145,0.6375354726870417,0.0,0.4966423517645089,0.9996884735202493,1.0,-0.6630417718148965,instance,informative
0,0.22222222222222232,0.0,0.31472081218274117,0.35714285714285715,0.43985147453985174,0.0,0.48042248545520116,0.9960850111856824,1.0,0.17664113356130384,instance,informative
0,0.4870689655172413,0.4,0.22807017543859653,0.7142857142857143,0.49640337913978305,0.25,0.5077482400918494,1.0,1.0,1.0251051690119026,instance,informative
0,0.19860139860139858,0.6,0.7329545454545454,0.5714285714285714,0.517924398227065,0.5,0.510090918981517,1.0,1.0,0.5419805504745561,instance,informative
1,0.7946428571428572,0.8,0.2436781609195402,0.39285714285714285,0.505985719512931,1.0,0.5173294342877932,1.0,0.975,0.5017287281601497,instance,informative
0,0.18181818181818177,0.2,0.6363636363636364,0.42857142857142855,0.3042495644785532,0.0,0.4769443637152344,0.9977628635346756,1.0,1.2624301066758519,instance,informative
0,0.662557781201849,0.6,0.7670250896057348,0.32142857142857145,0.7595311972117789,0.5,0.4750434873899666,0.9988814317673378,1.0,-0.3070768845458351,instance,informative
0,0.2053571428571428,0.4,0.21590909090909094,0.32142857142857145,0.30085938264607615,0.0,0.47294253938569797,0.9988814317673378,1.0,1.182699089204394,instance,informative
0,0.26892605633802824,0.8,0.7563218390804598,0.9642857142857143,0.7365095810986514,0.2857142857142857,0.518718829872762,1.0,1.0,-0.8982270130207229,instance,informative
0,0.09401709401709402,0.0,0.8333333333333334,0.42857142857142855,0.5748436175588528,0.0,0.45415527722759086,0.9972035794183445,1.0,-0.038239277924413784,instance,informative
0,0.0625,0.2,0.5111111111111111,0.5357142857142857,0.3249924511872774,0.0,0.4792390264787457,0.9988814317673378,1.0,0.35132671712194147,instance,informative
0,0.7839262187088274,0.4,0.21590909090909094,0.32142857142857145,0.31198105058411996,0.5,0.4903121036246211,0.9983221476510067,1.0,0.9817382299981364,instance,informative
0,0.23817567567567566,0.2,0.24637681159420288,0.5714285714285714,0.5355703427522089,0.0,0.49051483721558287,0.9988814317673378,1.0,-0.15136302423629933,instance,informative
0,0.44666666666666666,0.4,0.21590909090909094,0.35714285714285715,0.4783850518354891,0.0,0.4961025401565271,0.9994407158836689,1.0,-0.17229760234003813,instance,informative
0,0.17107843137254908,0.2,0.22807017543859653,0.7142857142857143,0.3925310066459856,0.0,0.4963685169937003,0.9994407158836689,1.0,0.4018410714652648,instance,informative
0,0.4098360655737705,0.0,0.22807017543859653,0.6071428571428571,0.3829377755470045,0.0,0.4688799427645852,0.9955257270693513,1.0,1.5998741373685554,instance,informative
0,0.25054945054945055,0.0,0.5763546798029557,0.4642857142857143,0.5169742114286572,0.0,0.4641200102507306,0.9972035794183445,1.0,-0.6363035972289136,instance,informative
0,0.19191176470588234,0.2,0.22807017543859653,0.6071428571428571,0.6564200517063558,0.0,0.49844779336349676,0.9994407158836689,1.0,-0.13061488604134922,instance,informative
0,0.20192307692307687,0.2,0.22807017543859653,0.7142857142857143,0.48144670241543563,0.25,0.46915113093396543,0.9977628635346756,1.0,0.9067958371946232,instance,informative
1,0.2690288713910761,0.8,0.2436781609195402,0.5,0.284137165333021,0.5,0.5104874912174293,1.0,1.0,0.8373064231149672,instance,informative
1,0.815,1.0,0.6896551724137931,0.4642857142857143,0.7188095574305091,1.0,0.5570988244106003,1.0,1.0,-0.867118402207392,instance,informative
1,0.7310739436619718,1.0,0.5272727272727273,0.5,0.4134571696755437,1.0,0.5608098666252486,1.0,1.0,1.0346321549695943,instance,informative
0,0.8542553191489362,0.4,0.22807017543859653,0.7142857142857143,0.6267433639141898,0.0,0.48753636068464457,0.9983221476510067,1.0,-0.7540180359027808,instance,informative
0,0.5809352517985611,0.4,0.7670250896057348,0.35714285714285715,0.850056830528099,0.0,0.498698248068268,0.9988814317673378,1.0,-0.27343411913118665,instance,informative
0,0.2791666666666667,0.4,0.7670250896057348,0.35714285714285715,0.7863424221764388,0.0,0.4943056168563924,0.9994407158836689,1.0,-0.8481023124247626,instance,informative
0,0.0357142857142857,0.2,0.7329545454545454,0.4642857142857143,0.7472593078478468,0.0,0.4827317976107651,0.9977628635346756,1.0,-1.0500695921921084,instance,informative
0,0.0357142857142857,0.4,0.6363636363636364,0.39285714285714285,0.6629658634634125,0.0,0.49944712294651217,0.9994407158836689,1.0,-0.1106568466172889,instance,informative
0,0.23817567567567566,0.4,0.31034482758620685,0.42857142857142855,0.4202244697732064,0.0,0.4623220036780784,0.9983221476510067,1.0,0.5680088784469379,instance,informative
0,0.11594202898550732,0.2,0.24637681159420288,0.5357142857142857,0.38793464575030356,0.0,0.43469820573502505,0.9977628635346756,1.0,0.0791524368900641,instance,informative
1,0.8181818181818181,0.4,0.2436781609195402,0.35714285714285715,0.38583363086756367,0.8,0.48532202998566043,0.9996884735202493,1.0,0.32498497509049634,instance,informative
0,0.17107843137254908,0.2,0.22807017543859653,0.6071428571428571,0.3330443718971441,0.25,0.4546005907412116,0.9988814317673378,1.0,1.3216519529899502,instance,informative
0,0.729559748427673,0.2,0.4285714285714286,0.4642857142857143,0.4311354188719897,0.0,0.4959743931996522,0.9988814317673378,1.0,0.1788937703414,instance,informative
1,0.7333333333333334,0.8,0.16666666666666663,0.4642857142857143,0.5457532914380115,1.0,0.5539029362345118,1.0,1.0,0.23696400176996615,instance,informative
1,0.7173913043478262,1.0,0.7719298245614035,0.5,0.6600794535737621,1.0,0.5362412017891479,1.0,1.0,-0.16472034734366053,instance,informative
0,0.05084745762711862,0.4,0.7563218390804598,0.5357142857142857,0.6138800323963415,0.0,0.48714942796088834,0.9994407158836689,1.0,-0.2991615310534297,instance,informative
0,0.0,0.0,0.24637681159420288,0.5714285714285714,0.3563963443365933,0.0,0.4647519885790541,0.9949664429530202,1.0,0.8368640004627003,instance,informative
0,0.22941176470588232,0.4,0.6031746031746033,0.42857142857142855,0.4452177920349202,0.6666666666666666,0.501054943250058,1.0,1.0,0.7217898715817731,instance,informative
0,0.33673469387755106,0.4,0.31472081218274117,0.39285714285714285,0.5619837799149289,0.0,0.49285339834505415,0.9994407158836689,1.0,-0.13928305381447018,instance,informative
0,0.05555555555555558,0.4,0.673202614379085,0.39285714285714285,0.729823307782699,1.0,0.5036586391611966,1.0,1.0,-0.26903347031030356,instance,informative
1,0.797979797979798,0.6,0.5272727272727273,0.5714285714285714,0.6277165157481425,1.0,0.561648259745626,1.0,1.0,-0.8329157030776798,instance,informative
0,0.29166666666666674,0.4,0.24637681159420288,0.5357142857142857,0.2757739167653079,1.0,0.5128092318875002,1.0,1.0,0.7714785254478432,instance,informative
0,0.1607142857142857,0.4,0.22807017543859653,0.7142857142857143,0.5430362390894232,0.0,0.4920263954764592,0.9994407158836689,1.0,0.6119263018097384,instance,informative
0,0.16267605633802817,0.0,0.7670250896057348,0.35714285714285715,0.3969937818111978,0.0,0.4460171921904307,0.9972035794183445,1.0,0.39566989506793737,instance,informative
0,0.20685111989459815,0.2,0.673202614379085,0.5357142857142857,0.6702220072556844,0.5,0.47493664274049296,0.9977628635346756,1.0,-0.5913876915377846,instance,informative
0,0.22222222222222232,0.4,0.22807017543859653,0.5714285714285714,0.3970860959992141,0.0,0.46252822104959934,0.9988814317673378,0.975,1.1976406287103036,instance,informative
0,0.5867346938775511,0.4,0.22807017543859653,0.5714285714285714,0.5948515140097649,0.0,0.4959616248605304,0.9994407158836689,1.0,-0.1691837060774138,instance,informative
0,0.12698412698412698,0.2,0.7329545454545454,0.4642857142857143,0.5323196858427621,0.0,0.4842748512870737,0.9994407158836689,1.0,0.35826139957079084,instance,informative
0,0.0625,0.2,0.6363636363636364,0.35714285714285715,0.6288183047789698,0.0,0.480099530575134,0.9983221476510067,1.0,-0.9003124694056629,instance,informative
0,0.15773809523809523,0.4,0.5763546798029557,0.6785714285714286,0.53728698365844,0.2,0.48464716076734105,0.9983221476510067,1.0,-0.5258031904665555,instance,informative
0,0.05084745762711862,0.0,0.7563218390804598,0.39285714285714285,0.43282598230546077,0.0,0.4470727505165296,0.9876957494407159,1.0,-0.5576253316741314,instance,informative
0,0.05084745762711862,0.6,0.6363636363636364,0.39285714285714285,0.4403137878613054,0.0,0.48746064811812817,0.9988814317673378,1.0,0.6360195455479442,instance,informative
0,0.19860139860139858,0.6,0.7563218390804598,0.39285714285714285,0.6876053729766455,0.3333333333333333,0.485735304313077,0.9994407158836689,1.0,-0.774457301725689,instance,informative
1,0.5811128526645768,0.6,0.2436781609195402,0.8928571428571429,0.46709730761587076,0.5,0.5047508717780824,1.0,1.0,-0.08402105467264773,instance,informative
0,0.1762452107279694,0.2,0.22807017543859653,0.7142857142857143,0.4211433528175141,0.0,0.49177785139194063,0.9977628635346756,1.0,-0.04573805259186599,instance,informative
0,0.4370689655172414,0.4,0.4727272727272728,0.5714285714285714,0.49913885804637637,0.0,0.4822746016188667,0.9983221476510067,1.0,-0.08707207927302596,instance,informative
0,0.5050505050505051,0.8,0.8127272727272727,0.6071428571428571,0.7378458505461978,0.6666666666666666,0.5053708190934307,1.0,1.0,0.0616106221840194,instance,informative
0,0.4744360902255639,0.2,0.5763546798029557,0.6071428571428571,0.44914671466673284,0.5,0.47161512216841184,0.9988814317673378,1.0,0.5033687293549813,instance,informative
0,0.7462264150943396,0.4,0.5111111111111111,0.5357142857142857,0.7414085307012577,1.0,0.5038925278543196,1.0,1.0,-0.8773444076247806,instance,informative
0,0.6466666666666667,0.6,0.22807017543859653,0.6071428571428571,0.6297813928636615,0.6666666666666666,0.4958276591402865,0.9994407158836689,1.0,-0.6300029390311811,instance,informative
0,0.05084745762711862,0.0,0.7670250896057348,0.32142857142857145,0.5689734427976197,0.0,0.46294600525318563,0.9944071588366891,1.0,0.10765301904803667,instance,informative
0,0.4309352517985612,0.8,0.7563218390804598,0.39285714285714285,0.526319017825914,0.6666666666666666,0.499041506858086,0.9994407158836689,1.0,-0.3023929315461697,instance,informative
0,0.18410462776659964,0.4,0.6363636363636364,0.39285714285714285,0.6517850523986468,1.0,0.509896605374536,1.0,1.0,0.3506921091714176,instance,informative
0,0.07692307692307687,0.2,0.5111111111111111,0.35714285714285715,0.8042599916437384,0.0,0.48888203807981134,0.9994407158836689,1.0,-0.2111806316389925,instance,informative
0,0.1428571428571428,0.2,0.22807017543859653,0.6071428571428571,0.2977816537376561,1.0,0.5166741727504613,1.0,1.0,0.29581974700639785,instance,informative
0,0.19191176470588234,0.2,0.13559322033898302,0.17857142857142858,0.28870330830166124,0.0,0.49617945750663184,0.9988814317673378,1.0,1.1368160766141326,instance,informative
0,0.10769230769230775,0.0,0.24637681159420288,0.5714285714285714,0.30690167341721375,0.0,0.4838112747781488,0.9972035794183445,1.0,1.0464565981882021,instance,informative
0,0.19860139860139858,0.0,0.31472081218274117,0.39285714285714285,0.8245293911521964,0.0,0.47153674223850195,0.9910514541387024,1.0,-1.9288067518070302,instance,informative
1,0.6243243243243243,1.0,0.18727272727272726,0.4642857142857143,0.5078741318675789,1.0,0.5167021607992635,1.0,1.0,-0.19438156768596715,instance,informative
0,0.25757575757575757,0.4,0.31472081218274117,0.32142857142857145,0.6490652448779206,1.0,0.502408252020633,1.0,1.0,-0.1598740235887352,instance,informative
0,0.0,0.4,0.7670250896057348,0.32142857142857145,0.6662065935090657,0.0,0.454091797281143,0.9988814317673378,1.0,-0.2388022232997648,instance,informative
0,0.28260869565217395,0.4,0.31034482758620685,0.42857142857142855,0.6479753520038524,0.0,0.4962854739083481,0.9994407158836689,1.0,-0.014431425697963662,instance,informative
0,0.22705314009661837,0.4,0.6031746031746033,0.42857142857142855,0.5520855817122566,0.0,0.48769653863382445,0.9994407158836689,0.975,-0.3050870598826445,instance,informative
0,0.202020202020202,0.2,0.24637681159420288,0.5357142857142857,0.39307081371325503,0.0,0.48971870254239913,0.9983221476510067,1.0,0.4490087571432294,instance,informative
0,0.3204022988505747,0.2,0.6363636363636364,0.39285714285714285,0.6796092259404837,0.0,0.46422135800082076,0.9983221476510067,1.0,-0.5012150559507813,instance,informative
0,0.11594202898550732,0.2,0.24637681159420288,0.5714285714285714,0.3726633550856151,0.0,0.4941627270463608,0.9988814317673378,1.0,0.21964867672134825,instance,informative
0,0.05555555555555558,0.0,0.22807017543859653,0.7142857142857143,0.4999052673657737,0.0,0.4656292987042586,0.993847874720358,1.0,-0.003250822816233426,instance,informative
0,0.0,0.4,0.22807017543859653,0.7142857142857143,0.3262121455695528,0.0,0.47696182876753923,0.9988814317673378,0.975,-0.29168984773616125,instance,informative
0,0.20358514724711907,0.2,0.4727272727272728,0.5714285714285714,0.5762665482925265,0.5,0.49990513915754686,0.9994407158836689,1.0,0.558339292466944,instance,informative
0,0.475,0.2,0.7670250896057348,0.5357142857142857,0.775370695605977,0.0,0.47498045824125334,0.9977628635346756,1.0,-0.47675934884043547,instance,informative
1,0.7424242424242424,0.8,0.48888888888888893,0.42857142857142855,0.6633520602453529,1.0,0.5100858710273429,1.0,1.0,-0.8420558325046265,instance,informative
0,0.16267605633802817,0.4,0.31472081218274117,0.42857142857142855,0.41178375026960756,0.0,0.4965388989785182,0.9988814317673378,1.0,0.882661401620679,instance,informative
1,0.6697722567287785,0.4,0.16666666666666663,0.5357142857142857,0.23411749246985758,0.6,0.49780868722920046,0.9996884735202493,1.0,0.8091107932606537,instance,informative
0,0.09401709401709402,0.4,0.7563218390804598,0.42857142857142855,0.7269723860677799,0.4,0.5050620202593561,1.0,1.0,-0.5138899999764162,instance,informative
0,0.21751412429378525,0.2,0.7670250896057348,0.32142857142857145,0.5449731735307308,0.0,0.46745130651326405,0.9983221476510067,1.0,0.5198169263717284,instance,informative
1,0.6483660130718955,0.8,0.5272727272727273,0.5,0.3128242663129387,0.5,0.49824323310667273,0.9996884735202493,1.0,0.2884361126872103,instance,informative
0,0.16500000000000004,0.4,0.22807017543859653,0.5,0.5444489051675133,0.0,0.4699489278690171,0.9983221476510067,1.0,-0.5098761554854251,instance,informative
0,0.28915662650602414,0.6,0.673202614379085,0.39285714285714285,0.7957223966980199,0.0,0.49139532338050096,0.9994407158836689,1.0,-0.4408645291198483,instance,informative
0,0.09523809523809523,0.0,0.7670250896057348,0.21428571428571427,0.44553097840633904,0.0,0.47848576352179195,0.9949664429530202,1.0,-0.5753112887507641,instance,informative
0,0.17142857142857149,0.4,0.8127272727272727,0.5,0.7287365916512093,1.0,0.5685291393639923,1.0,1.0,0.21763483220261828,instance,informative
0,0.0625,0.0,0.31472081218274117,0.35714285714285715,0.44077400857646554,0.0,0.47218404237155875,0.9966442953020134,1.0,-0.5731489145976164,instance,informative
0,0.09090909090909083,0.0,0.75,0.17857142857142858,0.29355716199964893,0.0,0.4695294156978107,0.9949664429530202,1.0,0.7797020904989929,instance,informative
0,0.10769230769230775,0.0,0.7670250896057348,0.32142857142857145,0.6145286336315321,0.0,0.4598895202828893,0.9916107382550335,1.0,-0.4837751303434681,instance,informative
0,0.18803418803418803,0.4,0.7563218390804598,0.2857142857142857,0.5878056410051602,1.0,0.5168203688603311,1.0,1.0,0.23167216056883,instance,informative
0,0.11904761904761907,0.2,0.5111111111111111,0.5357142857142857,0.6565587589826247,0.0,0.46611125707612855,0.9983221476510067,1.0,0.21254077636810068,instance,informative
0,0.033333333333333326,0.4,0.31034482758620685,0.42857142857142855,0.5829828935981617,0.3333333333333333,0.5115186840544582,1.0,1.0,-0.7213345208703331,instance,informative
0,0.04285714285714293,0.6,0.22807017543859653,0.7142857142857143,0.46723452639817253,0.6666666666666666,0.48920689384356686,0.9988814317673378,1.0,0.9905601478384787,instance,informative
0,0.475,0.0,0.7670250896057348,0.32142857142857145,0.5446662307563527,0.0,0.4726598993655463,0.9960850111856824,1.0,-1.0901598447411014,instance,informative
0,0.21751412429378525,0.6,0.7670250896057348,0.6071428571428571,0.6987172172793651,0.5,0.4994452310159495,0.9994407158836689,1.0,0.09480438267220315,instance,informative
0,0.37765957446808507,0.8,0.6363636363636364,0.39285714285714285,0.6251668655786075,1.0,0.5055748101984503,1.0,1.0,0.09576607539181317,instance,informative
1,0.33744221879815095,0.8,0.2329749103942652,0.2857142857142857,0.4874455030871202,1.0,0.5189959065303806,1.0,1.0,-0.19945097115094865,instance,informative
0,0.12692307692307692,0.2,0.24637681159420288,0.5714285714285714,0.38556947388119794,0.0,0.4938614692959896,0.9988814317673378,1.0,-0.7372675595845815,instance,informative
0,0.16805555555555562,0.0,0.21590909090909094,0.21428571428571427,0.47143578674306463,0.0,0.4709608060234398,0.9972035794183445,1.0,0.20520102417740624,instance,informative
0,0.14047619047619042,0.4,0.6031746031746033,0.42857142857142855,0.3992718327584375,0.5,0.501768137196105,1.0,0.975,0.425711259917246,instance,informative
0,0.25054945054945055,0.4,0.8127272727272727,0.6071428571428571,0.5958631516045353,1.0,0.5043091836379194,1.0,1.0,0.5600215839430008,instance,informative
0,0.04285714285714293,0.2,0.21590909090909094,0.32142857142857145,0.31941691153913676,0.0,0.4764942875729715,0.9983221476510067,1.0,0.3292191043917086,instance,informative
0,0.39789789789789787,0.2,0.8127272727272727,0.5,0.5771071263872884,0.5,0.5036482438041876,1.0,1.0,0.1588552031478803,instance,informative
0,0.12692307692307692,0.2,0.7329545454545454,0.5,0.41326921160413554,0.3333333333333333,0.4501423371435437,0.9977628635346756,0.975,1.4175123612226563,instance,informative
0,0.2791666666666667,0.2,0.31472081218274117,0.39285714285714285,0.4110251530473148,0.3333333333333333,0.5192907931362403,1.0,1.0,0.9314005659981326,instance,informative
0,0.6702898550724637,0.4,0.8127272727272727,0.35714285714285715,0.534512540646027,0.6666666666666666,0.5109133095163184,1.0,1.0,-0.39460910508168134,instance,informative
0,0.1399999999999999,0.4,0.31034482758620685,0.42857142857142855,0.6184154437705512,1.0,0.5041818336821025,1.0,1.0,-0.70946254578957,instance,informative
1,0.49099099099099097,1.0,0.5714285714285714,0.5,0.5866869183404909,1.0,0.5107693954975019,1.0,1.0,-0.8338360729987261,instance,informative
1,0.811965811965812,1.0,0.48888888888888893,0.4642857142857143,0.5998331523816033,1.0,0.539633704402502,1.0,1.0,-1.0037831838281386,instance,informative
1,0.7494505494505495,1.0,0.18727272727272726,0.5,0.44890607039442054,1.0,0.5253442554162875,1.0,1.0,0.2272334957021682,instance,informative
0,0.0357142857142857,0.0,0.4727272727272728,0.5714285714285714,0.5395169289490717,0.0,0.48159446961903574,0.9966442953020134,1.0,0.47231582272629574,instance,informative
1,0.7890070921985816,0.8,0.326797385620915,0.5357142857142857,0.39559044346321753,1.0,0.519694146228775,1.0,1.0,-0.4074046793724531,instance,informative
1,0.7777777777777778,0.6,0.6896551724137931,0.4642857142857143,0.2648248799990124,1.0,0.5281932737819757,1.0,1.0,0.5694219282520847,instance,informative
1,0.815,1.0,0.7719298245614035,0.5714285714285714,0.6743905724865971,1.0,0.5396422624399906,1.0,1.0,-1.5160648587124568,instance,informative
0,0.06000000000000005,0.4,0.22807017543859653,0.7142857142857143,0.4489790632207025,0.3333333333333333,0.5200316960761724,1.0,1.0,1.2322480753533416,instance,informative
1,0.5255639097744361,0.8,0.6852791878172588,0.39285714285714285,0.5101163374399454,0.5,0.5174364972752932,1.0,1.0,-0.9006313769825867,instance,informative
0,0.23706896551724133,0.0,0.24637681159420288,0.5714285714285714,0.3374043075086042,0.0,0.47065301270615045,0.9960850111856824,1.0,0.7624673029805067,instance,informative
0,0.25054945054945055,0.6,0.31472081218274117,0.42857142857142855,0.4692175270959994,0.0,0.47005473352131055,0.9994407158836689,1.0,0.3110779792747321,instance,informative
0,0.45833333333333337,0.4,0.7670250896057348,0.35714285714285715,0.5410515355551473,1.0,0.5117053643516376,1.0,1.0,-0.7771943634075794,instance,informative
0,0.07692307692307687,0.2,0.6363636363636364,0.39285714285714285,0.7252302970250217,0.0,0.4809017124368462,0.9977628635346756,1.0,-0.2767490687100597,instance,informative
0,0.2943181818181818,0.4,0.6031746031746033,0.42857142857142855,0.49802764797990606,1.0,0.5060935670336697,1.0,1.0,0.3221644312683774,instance,informative
0,0.2435897435897436,0.4,0.7563218390804598,0.39285714285714285,0.33550859835174907,1.0,0.5018720833494387,1.0,1.0,0.3537384138032867,instance,informative
0,0.0,0.0,0.22807017543859653,0.6071428571428571,0.5587799981245666,0.0,0.4655959487902398,0.9966442953020134,0.975,-0.8437333281929267,instance,informative
0,0.4901960784313726,0.2,0.22807017543859653,0.7142857142857143,0.6261652722850374,0.5,0.5082577670113486,1.0,1.0,0.28549008377197127,instance,informative
0,0.49760191846522783,0.2,0.7329545454545454,0.4642857142857143,0.536502979969782,0.0,0.4871009381406842,0.9988814317673378,1.0,0.41481313840460193,instance,informative
0,0.11267605633802824,0.2,0.5111111111111111,0.35714285714285715,0.6399329908697685,0.0,0.48892518468134494,0.9994407158836689,1.0,0.3476526432772509,instance,informative
0,0.12698412698412698,0.6,0.5111111111111111,0.35714285714285715,0.7639873997195815,0.0,0.4968330954459145,0.9994407158836689,1.0,-1.495794075506306,instance,informative
0,0.7924737133370227,0.4,0.7329545454545454,0.5357142857142857,0.6819388366764817,0.0,0.49189445367120554,0.9994407158836689,1.0,-0.5487608652736695,instance,informative
0,0.20769230769230762,0.2,0.5763546798029557,0.6785714285714286,0.7057691111360264,0.0,0.46779008560582824,0.9983221476510067,1.0,-0.5116989895917067,instance,informative
1,0.3245844269466316,0.8,0.2436781609195402,0.39285714285714285,0.15136762093234662,1.0,0.5092576806190647,1.0,1.0,1.9705486615947228,instance,informative
0,0.22222222222222232,0.4,0.22807017543859653,0.6071428571428571,0.4331824409775429,0.0,0.49560946876703105,0.9988814317673378,1.0,0.3062454767407266,instance,informative
1,0.7618243243243243,1.0,0.6852791878172588,0.35714285714285715,0.6238381186004975,1.0,0.552401880356105,1.0,1.0,-1.0079067275205784,instance,informative
0,0.12698412698412698,0.0,0.8133333333333334,0.39285714285714285,0.397465083916298,0.0,0.4771380991558062,0.9955257270693513,1.0,0.9119888668715268,instance,informative
0,0.19191176470588234,0.2,0.22807017543859653,0.6071428571428571,0.32428771985941063,0.3333333333333333,0.5196512061561305,1.0,1.0,1.6501676876192217,instance,informative
0,0.14047619047619042,0.6,0.31472081218274117,0.35714285714285715,0.48389360378482804,1.0,0.5038946499559759,1.0,1.0,1.339865556083141,instance,informative
0,0.0,0.2,0.31472081218274117,0.35714285714285715,0.262596067696249,1.0,0.5060028133725323,1.0,1.0,1.8357502857456434,instance,informative
0,0.20358514724711907,0.2,0.7670250896057348,0.5357142857142857,0.6192021789735072,0.0,0.46815451999440316,0.9977628635346756,1.0,-0.008772018508156584,instance,informative
0,0.05084745762711862,0.0,0.13559322033898302,0.17857142857142858,0.30286348240693634,0.0,0.4640920474706295,0.9972035794183445,1.0,1.1360351869448433,instance,informative
0,0.15773809523809523,0.0,0.24637681159420288,0.5357142857142857,0.48492090614884165,0.0,0.4671667217993556,0.9955257270693513,1.0,-0.42224699047062375,instance,informative
0,0.11267605633802824,0.4,0.4727272727272728,0.5714285714285714,0.5826653982397665,0.0,0.46118957940560035,0.9983221476510067,1.0,0.26960761083619234,instance,informative
0,0.0714285714285714,0.4,0.22807017543859653,0.7142857142857143,0.5536972216876138,1.0,0.503654587475762,1.0,1.0,-0.008521909221500378,instance,informative
1,0.7564102564102564,1.0,0.2670454545454546,0.4642857142857143,0.4975727144138571,1.0,0.5478423889549618,1.0,1.0,-0.9538282968295675,instance,informative
0,0.05714285714285716,0.0,0.31472081218274117,0.35714285714285715,0.4216518229251529,0.0,0.464320528148631,0.9960850111856824,1.0,0.8053071535286913,instance,informative
0,0.038461538461538436,0.8,0.7670250896057348,0.4642857142857143,0.44255421421007,1.0,0.5158586573767532,1.0,1.0,0.24595768139121674,instance,informative
0,0.6120689655172413,0.4,0.13559322033898302,0.21428571428571427,0.2910825348382685,1.0,0.5060931408681166,1.0,0.975,1.8473623090314562,instance,informative
0,0.26892605633802824,0.4,0.6363636363636364,0.39285714285714285,0.6373328281163024,0.0,0.46500115098765726,0.9988814317673378,1.0,-0.9654170853321001,instance,informative
0,0.0,0.2,0.22807017543859653,0.6071428571428571,0.33484354945391426,0.0,0.47144960677601044,0.9977628635346756,0.975,-0.8147766508721689,instance,informative
0,0.2127450980392156,0.2,0.22807017543859653,0.6071428571428571,0.46995550009717957,0.0,0.49726898306076917,0.9994407158836689,1.0,-0.3076515373435723,instance,informative
0,0.21099290780141844,0.4,0.6363636363636364,0.39285714285714285,0.6818900883300767,0.0,0.47145558569246626,0.9994407158836689,1.0,0.14908381291429257,instance,informative
0,0.05555555555555558,0.2,0.22807017543859653,0.7142857142857143,0.33867206774462655,0.0,0.49317881733126645,0.9994407158836689,1.0,0.7769240119644534,instance,informative
0,0.17567567567567566,0.0,0.6363636363636364,0.39285714285714285,0.3800590347561039,0.0,0.4226508786175901,0.9972035794183445,1.0,-0.15714135068314347,instance,informative
0,0.4188871473354232,0.2,0.13559322033898302,0.17857142857142858,0.3228387935416741,0.0,0.4650775124750304,0.9983221476510067,1.0,0.7281847597857302,instance,informative
0,0.15773809523809523,0.0,0.7670250896057348,0.32142857142857145,0.7234439152297906,0.0,0.47073095464795656,0.9949664429530202,1.0,-1.4731347321134822,instance,informative
0,0.725,0.8,0.6363636363636364,0.39285714285714285,0.7432663672922828,0.0,0.48357589253910893,0.9994407158836689,1.0,-0.21109086609095257,instance,informative
0,0.30000000000000004,0.2,0.7563218390804598,0.2857142857142857,0.46154128559671226,0.0,0.4797031011787377,0.9994407158836689,1.0,-0.6350526624197981,instance,informative
0,0.18055555555555558,0.2,0.22807017543859653,0.7142857142857143,0.4292180433824718,1.0,0.5079784813933736,1.0,1.0,1.0456544736464013,instance,informative
0,0.4870689655172413,0.6,0.8127272727272727,0.5,0.629634642089794,0.5,0.5137773274822217,1.0,1.0,-1.5822445296528946,instance,informative
0,0.17107843137254908,0.2,0.22807017543859653,0.6071428571428571,0.36215700549758556,0.3333333333333333,0.4079217166551391,0.9977628635346756,1.0,1.336127824142468,instance,informative
0,0.10769230769230775,0.0,0.31472081218274117,0.35714285714285715,0.4503397387701277,0.0,0.45860484919713007,0.9904921700223713,1.0,0.463351827962373,instance,informative
0,0.28260869565217395,0.2,0.4727272727272728,0.6071428571428571,0.38963903532853905,0.0,0.49574867264069367,0.9994407158836689,1.0,1.310116126875007,instance,informative
0,0.25757575757575757,0.2,0.21590909090909094,0.32142857142857145,0.28581808260848285,0.6666666666666666,0.48886007338139337,0.9994407158836689,1.0,0.7385811394953624,instance,informative
0,0.28915662650602414,0.2,0.7563218390804598,0.39285714285714285,0.7408800605431985,0.0,0.4835496844412459,0.9977628635346756,1.0,-1.5509243723581758,instance,informative
0,0.15999999999999992,0.4,0.24637681159420288,0.5714285714285714,0.3719127118959815,0.0,0.49913292571729184,0.9994407158836689,1.0,0.7178577085172269,instance,informative
1,0.7964148527528809,1.0,0.5714285714285714,0.5,0.4117987194930465,1.0,0.5441305107344939,1.0,1.0,0.33083254194470696,instance,informative
0,0.4901960784313726,0.8,0.7563218390804598,0.5,0.7730622144633148,0.6666666666666666,0.5054503111626756,1.0,1.0,-0.496244779216484,instance,informative
0,0.04285714285714293,0.2,0.7329545454545454,0.4642857142857143,0.44280531457760697,0.0,0.4712649851015178,0.9994407158836689,1.0,0.1634704360702699,instance,informative
0,0.20685111989459815,0.2,0.7563218390804598,0.5357142857142857,0.489613223368386,0.0,0.4646168121180507,0.9988814317673378,1.0,-0.5660254509923593,instance,informative
0,0.20358514724711907,0.0,0.4727272727272728,0.5714285714285714,0.6036716115153062,0.09090909090909091,0.45066908183766796,0.9904921700223713,1.0,0.1601290786567273,instance,informative
0,0.06000000000000005,0.2,0.7329545454545454,0.42857142857142855,0.5941669710674329,0.0,0.46932877548404717,0.9983221476510067,1.0,0.14716280715495134,instance,informative
0,0.12698412698412698,0.0,0.7563218390804598,0.2857142857142857,0.396331962773531,0.0,0.4672411840782543,0.9949664429530202,1.0,-0.09169680233072292,instance,informative
1,0.5533333333333333,1.0,0.6852791878172588,0.35714285714285715,0.4199045342020966,1.0,0.5412463495727902,1.0,1.0,-1.2724804231927649,instance,informative
1,0.6785714285714286,0.8,0.4236453201970444,0.6428571428571429,0.4646777102641967,1.0,0.5288678645710276,1.0,0.975,-0.7177841889396394,instance,informative
0,0.41415662650602414,0.2,0.24637681159420288,0.5357142857142857,0.4201806159589818,0.0,0.46755770999392443,0.9994407158836689,1.0,0.7127724755127469,instance,informative
0,0.20192307692307687,0.2,0.6363636363636364,0.42857142857142855,0.7774376599785837,0.0,0.4735964108759685,0.9983221476510067,1.0,-0.5314827765184162,instance,informative
0,0.34782608695652173,0.2,0.8133333333333334,0.39285714285714285,0.8142120325524438,0.0,0.45370420700904157,0.9983221476510067,1.0,-0.9328229250106982,instance,informative
0,0.05555555555555558,0.2,0.31472081218274117,0.39285714285714285,0.5234531533662174,0.0,0.46778748721244934,0.9988814317673378,1.0,0.14091498587945503,instance,informative
0,0.16267605633802817,0.0,0.7329545454545454,0.39285714285714285,0.39896362726582935,0.0,0.4587329785901655,0.9960850111856824,1.0,0.381545740401845,instance,informative
0,0.11594202898550732,0.4,0.5763546798029557,0.7142857142857143,0.53062930902091,0.4,0.47740169926141296,0.9994407158836689,1.0,-1.226306882330036,instance,informative
0,0.7759259259259259,0.0,0.6363636363636364,0.39285714285714285,0.46585680780094474,0.0,0.4801122574560479,0.9966442953020134,1.0,1.0632787129179808,instance,informative
0,0.25757575757575757,0.0,0.21590909090909094,0.32142857142857145,0.4081149968615333,0.0,0.46163542284786907,0.9966442953020134,1.0,-0.5272373362439341,instance,informative
0,0.0357142857142857,0.2,0.22807017543859653,0.7142857142857143,0.7403113674643057,0.0,0.4792479867152305,0.9977628635346756,1.0,-1.3986335231610076,instance,informative
0,0.4841897233201581,0.6,0.24637681159420288,0.5714285714285714,0.4251553569157829,0.25,0.5091024944021092,1.0,1.0,0.3639180689985948,instance,informative
0,0.3204022988505747,0.2,0.6363636363636364,0.39285714285714285,0.5892385153943355,0.2,0.4519292990175634,0.9977628635346756,1.0,-0.9819836702054209,instance,informative
0,0.0,0.0,0.7563218390804598,0.5357142857142857,0.6940874955329339,0.0,0.4688209627358786,0.993847874720358,1.0,-1.4996230889453432,instance,informative
0,0.218568665377176,0.2,0.6363636363636364,0.39285714285714285,0.5532721951403999,0.0,0.49869795488053004,0.9994407158836689,1.0,-0.007272812827773183,instance,informative
0,0.038461538461538436,0.2,0.7670250896057348,0.42857142857142855,0.6342860647157861,0.0,0.47505107758188825,0.9983221476510067,1.0,-1.6031150695036631,instance,informative
0,0.11267605633802824,0.2,0.4727272727272728,0.5714285714285714,0.36341392294741603,0.0,0.4809452605947313,0.9994407158836689,1.0,1.2235784460703882,instance,informative
0,0.475,0.2,0.31472081218274117,0.35714285714285715,0.732106993421081,0.0,0.4936860919851689,0.9977628635346756,1.0,-0.10816312939019497,instance,informative
0,0.05084745762711862,0.2,0.13559322033898302,0.17857142857142858,0.37992673413788236,0.0,0.45431593900663536,0.9983221476510067,1.0,1.2154835798983192,instance,informative
0,0.4756756756756757,0.2,0.4285714285714286,0.4642857142857143,0.39467442669398833,0.0,0.4724375352880097,0.9988814317673378,1.0,-0.18545149534441854,instance,informative
0,0.08571428571428563,0.4,0.6363636363636364,0.39285714285714285,0.6226650022408878,0.3333333333333333,0.49379015724605635,0.9994407158836689,1.0,-0.265450791085262,instance,informative
0,0.1399999999999999,0.4,0.31034482758620685,0.4642857142857143,0.3462843116114175,1.0,0.5057147992774661,1.0,1.0,0.5164573382272989,instance,informative
0,0.7309711286089239,0.4,0.21590909090909094,0.32142857142857145,0.6661722988311745,1.0,0.5317169611956021,1.0,1.0,-0.08533719300709156,instance,informative
1,0.8013986013986014,0.8,0.2436781609195402,0.39285714285714285,0.39081381334883725,0.0,0.4972844183693801,0.9996884735202493,1.0,0.9122225048675259,instance,informative
0,0.28260869565217395,0.6,0.22807017543859653,0.6071428571428571,0.4763361436300584,0.6,0.48368673805105145,0.9988814317673378,1.0,0.6362682219336326,instance,informative
0,0.11594202898550732,0.0,0.31472081218274117,0.35714285714285715,0.43008716329898455,0.0,0.4221704282750979,0.9966442953020134,1.0,-0.2458338239944083,instance,informative
0,0.8544871794871796,0.4,0.5111111111111111,0.5,0.41383318178103845,0.0,0.4829296723870571,0.9988814317673378,1.0,0.5404946464882961,instance,informative
0,0.04285714285714293,0.0,0.22807017543859653,0.7142857142857143,0.745923916278146,0.0,0.42955608694561187,0.9966442953020134,1.0,-0.9154889824304225,instance,informative
0,0.05555555555555558,0.4,0.4285714285714286,0.42857142857142855,0.40388615806655875,0.0,0.48671492685881723,0.9994407158836689,1.0,0.7083390274923428,instance,informative
0,0.08571428571428563,0.6,0.5763546798029557,0.7142857142857143,0.7775805437771153,0.5,0.5004390560399982,1.0,1.0,-0.5598043673486598,instance,informative
0,0.4870689655172413,0.0,0.24637681159420288,0.5714285714285714,0.344341042895118,0.0,0.4782586130247559,0.9960850111856824,0.975,-0.3869458872835501,instance,informative
0,0.662557781201849,0.2,0.7670250896057348,0.35714285714285715,0.731795578711078,0.0,0.4999377315580269,0.9994407158836689,1.0,-0.3238468836246658,instance,informative
0,0.2126760563380281,0.2,0.8127272727272727,0.5,0.3671233571594352,0.0,0.4838129180559293,0.9983221476510067,1.0,0.9944637424506523,instance,informative
0,0.0357142857142857,0.6,0.22807017543859653,0.7142857142857143,0.6640880559199015,0.5,0.47955631397520926,0.9994407158836689,1.0,-0.5232213327327498,instance,informative
0,0.2895104895104895,0.6,0.4727272727272728,0.5714285714285714,0.691041981135647,0.3333333333333333,0.48269502959792066,0.9994407158836689,1.0,-0.6425196258359099,instance,informative
0,0.05084745762711862,0.6,0.31472081218274117,0.35714285714285715,0.6722554968383525,0.0,0.48376018994061865,0.9994407158836689,1.0,-0.7608225011474647,instance,informative
1,0.5873239436619718,1.0,0.36363636363636365,0.4642857142857143,0.5640940705985095,1.0,0.5293778545723753,1.0,0.975,-1.7300531507336048,instance,informative
0,0.05555555555555558,0.0,0.7563218390804598,0.39285714285714285,0.5794314623398521,0.0,0.4550315638006217,0.9932885906040269,1.0,-0.21330495849783548,instance,informative
0,0.39789789789789787,0.0,0.7563218390804598,0.6071428571428571,0.41130379737226386,0.0,0.47415728944347546,0.993847874720358,1.0,-0.495580573572503,instance,informative
1,0.6021021021021021,0.8,0.48888888888888893,0.6785714285714286,0.4143448691781447,0.5,0.49847477952240016,0.9996884735202493,1.0,0.19126927674987057,instance,informative
0,0.22499999999999998,0.6,0.31472081218274117,0.42857142857142855,0.3760156416249215,0.0,0.4946703271861227,0.9994407158836689,1.0,-0.08307704830250646,instance,informative
0,0.23706896551724133,0.2,0.31472081218274117,0.39285714285714285,0.5403671755557283,0.6666666666666666,0.50419025120161,1.0,1.0,-0.3681299732970121,instance,informative
0,0.20358514724711907,0.2,0.31472081218274117,0.42857142857142855,0.4720467049866387,0.0,0.4885907631737586,0.9983221476510067,1.0,0.9175917661718346,instance,informative
0,0.28915662650602414,0.6,0.673202614379085,0.6071428571428571,0.6685891682313594,0.0,0.49955485982139447,0.9994407158836689,1.0,-0.14491539003383516,instance,informative
0,0.12692307692307692,0.2,0.4285714285714286,0.4642857142857143,0.41108747320121986,0.0,0.4773078777499299,0.9983221476510067,1.0,0.9279844079899102,instance,informative
1,0.8194444444444444,0.8,0.39682539682539686,0.42857142857142855,0.649428152811984,1.0,0.5174056880447253,1.0,1.0,-1.205702214804484,instance,informative
0,0.2635467980295567,0.4,0.8102564102564103,0.5,0.6530827653189838,0.0,0.49829327205026996,0.9994407158836689,1.0,0.2351831623619516,instance,informative
0,0.40373563218390807,0.2,0.22807017543859653,0.7142857142857143,0.45472284871869395,0.0,0.4907434309192328,0.9983221476510067,1.0,0.44732866314368347,instance,informative
0,0.05555555555555558,0.0,0.22807017543859653,0.6071428571428571,0.5583112539865911,0.0,0.4639522662762432,0.9966442953020134,1.0,-0.054213703797917165,instance,informative
0,0.16805555555555562,0.0,0.9166666666666666,0.10714285714285714,0.43966771588507825,0.0,0.45423452784261753,0.9960850111856824,1.0,0.5268299774591834,instance,informative
0,0.4370689655172414,0.0,0.31034482758620685,0.42857142857142855,0.4602086425501275,0.0,0.46984837348631603,0.9972035794183445,1.0,-0.20039462564400248,instance,informative
0,0.09090909090909083,0.4,0.22807017543859653,0.6071428571428571,0.4231366252095392,0.5,0.5122677330897389,1.0,1.0,0.6050707414538091,instance,informative
0,0.4914792092706203,0.2,0.24637681159420288,0.5714285714285714,0.452831400412513,0.0,0.4749370337595584,0.9994407158836689,1.0,0.3246540715480658,instance,informative
0,0.18803418803418803,0.0,0.22807017543859653,0.7142857142857143,0.3483141343276318,0.0,0.4699823783745313,0.9966442953020134,1.0,1.2635718613709748,instance,informative
1,0.2116161616161616,0.6,0.2670454545454546,0.5357142857142857,0.4686966463354756,0.5,0.4442139810212219,0.9996884735202493,1.0,-0.7068646130205926,instance,informative
1,0.11956521739130432,0.4,0.18974358974358974,0.6785714285714286,0.2649154945184353,0.5,0.5148390616242475,1.0,1.0,0.1311042886281249,instance,informative
0,0.5273224043715847,0.8,0.7329545454545454,0.5357142857142857,0.5158405023478596,1.0,0.50129248465548,1.0,1.0,-0.16119922292706834,instance,informative
1,0.19316239316239314,0.0,0.2436781609195402,0.39285714285714285,0.28818095352495743,0.0,0.49100995550472404,0.9981308411214953,1.0,0.4222583413604249,instance,informative
1,0.16326530612244894,0.0,0.2670454545454546,0.75,0.48609981501222366,0.3333333333333333,0.46510033579678056,0.9978193146417446,1.0,0.25568631340174314,instance,informative
1,0.5,0.2,0.2436781609195402,0.39285714285714285,0.29983424763921895,0.5,0.5090506970813724,1.0,0.975,0.2849665792374678,instance,informative
1,0.1671732522796353,0.2,0.2436781609195402,0.8928571428571429,0.2241340519870345,0.5,0.48304720668836965,0.9993769470404984,1.0,0.9997183512025029,instance,informative
1,0.1529652351738241,0.0,0.36363636363636365,0.32142857142857145,0.5005734069242468,0.0,0.4673061166489705,0.9978193146417446,1.0,0.686231299301891,instance,informative
1,0.09340659340659341,0.2,0.5714285714285714,0.5,0.26821612392848204,0.25,0.490690316495487,0.9996884735202493,1.0,0.8714976623781255,instance,informative
1,0.2240740740740741,0.2,0.36363636363636365,0.35714285714285715,0.5168284687933594,0.0,0.4906159660544628,0.9993769470404984,1.0,0.2711115019934788,instance,informative
1,0.2350165172251062,0.4,0.18974358974358974,0.5357142857142857,0.39891232202155213,0.4166666666666667,0.48033195418387487,0.9990654205607477,1.0,0.4132973504017621,instance,informative
1,0.13227848101265827,0.4,0.2329749103942652,0.5357142857142857,0.1357293817788386,0.0,0.48565553561126285,0.9996884735202493,1.0,1.3817908839894644,instance,informative
1,0.13301282051282048,0.0,0.2436781609195402,0.8928571428571429,0.4848636999192672,0.0,0.4750455202283185,0.9984423676012462,1.0,0.8262877861569965,instance,informative
1,0.20833333333333326,0.0,0.25,0.17857142857142858,0.6169347126533989,0.0,0.45366856904463315,0.9984423676012462,1.0,0.9572140999515928,instance,informative
1,0.20833333333333326,0.2,0.18666666666666665,0.4642857142857143,0.15743289931362148,0.0,0.47316020523745905,0.9987538940809969,1.0,1.0880831142351048,instance,informative
1,0.07758620689655171,0.0,0.2329749103942652,0.35714285714285715,0.1345752771494052,0.0,0.47874814431170365,0.9965732087227415,1.0,1.3642776230381009,instance,informative
1,0.5858433734939759,0.2,0.6896551724137931,0.42857142857142855,0.5537013799074582,0.0,0.4790377007871144,0.9987538940809969,1.0,-0.1632870177967617,instance,informative
1,0.15476190476190477,0.0,0.2436781609195402,0.35714285714285715,0.42448058941165245,0.0,0.4423166869963001,0.9965732087227415,1.0,0.7293428705297443,instance,informative
1,0.35370051635111877,0.2,0.18727272727272726,0.75,0.21421954925374054,0.0,0.48512730632851864,0.9990654205607477,1.0,0.35943792941643027,instance,informative
1,0.16955266955266957,0.2,0.4236453201970444,0.6428571428571429,0.2899570462927321,1.0,0.5321623230873783,1.0,1.0,0.8577456834985094,instance,informative
1,0.08196721311475408,0.2,0.18727272727272726,0.5,0.4470249628297846,0.0,0.4813717070130231,0.9993769470404984,1.0,0.4510183058179758,instance,informative
1,0.3833504624871531,0.0,0.18727272727272726,0.7142857142857143,0.2229807372353675,0.0,0.4704886362325017,0.9953271028037384,1.0,1.2111509852140645,instance,informative
1,0.19327129563350032,0.0,0.2436781609195402,0.39285714285714285,0.38212379255270823,0.0,0.4638160313288213,0.9940809968847352,1.0,0.4748801872833536,instance,informative
1,0.24019607843137258,0.2,0.4236453201970444,0.75,0.27706889931417633,0.5,0.492330832116577,0.9996884735202493,1.0,0.7984757193330033,instance,informative
1,0.24894514767932496,0.4,0.326797385620915,0.5714285714285714,0.24434228966202987,0.5,0.47999969389250197,0.9993769470404984,1.0,0.6360870389459008,instance,informative
1,0.1821705426356589,0.2,0.16666666666666663,0.7857142857142857,0.38267589287762516,0.0,0.4751832772198624,0.9990654205607477,1.0,0.8747171071405176,instance,informative
0,0.8701298701298701,0.8,0.24637681159420288,0.5714285714285714,0.8185220085699544,1.0,0.5363960602582847,1.0,1.0,-0.29652506436368153,instance,informative
1,0.21963190184049075,0.0,0.2670454545454546,0.7857142857142857,0.25814749361676237,0.25,0.47715298799964934,0.9968847352024922,1.0,1.0720717972707263,instance,informative
1,0.31963190184049073,0.2,0.2436781609195402,0.8928571428571429,0.5176535536829489,1.0,0.5327228630424674,1.0,1.0,0.7019167042152663,instance,informative
1,0.20788530465949817,0.0,0.16666666666666663,0.8571428571428571,0.17537313977570895,0.0,0.4677774375077709,0.9956386292834891,1.0,1.2726709532254468,instance,informative
1,0.025000000000000022,0.2,0.2329749103942652,0.6785714285714286,0.4277217754963477,0.0,0.4598543765067934,0.9990654205607477,1.0,0.1649239521531761,instance,informative
1,0.13749999999999996,0.2,0.18666666666666665,0.5,0.6956611836026445,0.0,0.4758938426313559,0.9996884735202493,1.0,0.1601342049523981,instance,informative
1,0.35557299843014123,0.2,0.2436781609195402,0.8928571428571429,0.3225394379571229,0.5,0.4964988003491183,0.9996884735202493,1.0,0.433494084717696,instance,informative
1,0.1957446808510639,0.0,0.2436781609195402,0.5357142857142857,0.24881960179878965,0.0,0.4746801386749735,0.9968847352024922,1.0,1.1951437086158319,instance,informative
1,0.18159806295399517,0.2,0.36363636363636365,0.32142857142857145,0.32947918405856846,0.0,0.47018612587617237,0.9990654205607477,0.975,0.4460148465358128,instance,informative
1,0.36906474820143886,0.0,0.18727272727272726,0.6428571428571429,0.14485248141933738,0.0,0.47084387823648566,0.9984423676012462,1.0,0.7332848079154579,instance,informative
1,0.7310739436619718,0.2,0.18727272727272726,0.5,0.26697843181241676,0.3333333333333333,0.49019328196574685,0.9987538940809969,1.0,0.905304859298421,instance,informative
0,0.8066104078762306,0.8,0.7670250896057348,0.7142857142857143,0.8030257265153706,1.0,0.5340236861873318,1.0,1.0,-0.7069070308991804,instance,informative
1,0.0901639344262295,0.0,0.2329749103942652,0.2857142857142857,0.16176755610882465,0.0,0.4729052741553097,0.9978193146417446,1.0,0.5026831493816075,instance,informative
1,0.11538461538461542,0.4,0.2436781609195402,0.8928571428571429,0.23913661749370102,1.0,0.5172043973749414,1.0,1.0,1.2650628946355802,instance,informative
1,0.13227848101265827,0.0,0.18727272727272726,0.7142857142857143,0.13545041305680616,0.0,0.44737122174858734,0.9950155763239875,1.0,1.3580266495735784,instance,informative
1,0.1685531496062992,0.2,0.18974358974358974,0.5357142857142857,0.1710448937512628,0.125,0.4973442141185477,0.9993769470404984,1.0,1.2798029555666388,instance,informative
1,0.20696721311475408,0.4,0.7719298245614035,0.42857142857142855,0.532423238785485,0.0,0.49758212389491485,0.9996884735202493,1.0,0.450240905715595,instance,informative
1,0.26248904469763357,0.2,0.2670454545454546,0.4642857142857143,0.45563180484256804,0.0,0.4816510133655546,0.9993769470404984,1.0,0.570625857236468,instance,informative
1,0.19106047326906217,0.0,0.2329749103942652,0.35714285714285715,0.29679141427729794,0.0,0.4685450226995035,0.9953271028037384,1.0,0.515746751254104,instance,informative
0,0.8044871794871795,0.8,0.5111111111111111,0.5,0.657704893964571,0.6666666666666666,0.5326366154573556,1.0,1.0,-0.5334713171401262,instance,informative
1,0.3242857142857143,0.0,0.326797385620915,0.5357142857142857,0.4567897305303509,0.0,0.48098209124652636,0.997196261682243,1.0,0.582262090684744,instance,informative
1,0.3607287449392713,0.4,0.18974358974358974,0.6785714285714286,0.3413906866792822,0.4,0.47612822840383406,0.9993769470404984,1.0,0.7962749618322618,instance,informative
1,0.1339285714285714,0.2,0.18727272727272726,0.8214285714285714,0.15441865690548212,1.0,0.5093740420957875,1.0,1.0,2.2983462771308645,instance,informative
1,0.03749999999999998,0.0,0.2436781609195402,0.5357142857142857,0.5618167246057402,0.0,0.4642053166486715,0.9894080996884735,1.0,0.7204732194620107,instance,informative
0,0.575,0.6,0.5111111111111111,0.5,0.6747250017361054,1.0,0.5288127257959783,1.0,1.0,-0.705112410502267,instance,informative
0,0.7803680981595091,1.0,0.7563218390804598,0.8928571428571429,0.8381594919516425,1.0,0.5479616916705654,1.0,1.0,-1.0356650298994068,instance,informative
1,0.125,0.2,0.18666666666666665,0.5,0.22495326180388175,0.0,0.46790634893551375,0.9990654205607477,1.0,0.8954484566354101,instance,informative
1,0.17462422634836428,0.2,0.18727272727272726,0.7142857142857143,0.18199068480664338,0.5,0.5277440637613974,1.0,1.0,1.231493843452408,instance,informative
1,0.3500000000000001,0.4,0.16666666666666663,0.5357142857142857,0.411609878046895,1.0,0.5010092898401937,1.0,1.0,0.7073511224093065,instance,informative
1,0.10999999999999999,0.0,0.6852791878172588,0.25,0.19137277990513496,0.0,0.4690249198473705,0.997196261682243,1.0,0.5945428305325143,instance,informative
0,0.7557471264367817,1.0,0.7670250896057348,0.2857142857142857,0.829124436671286,1.0,0.542171116137283,1.0,1.0,-1.03965794987682,instance,informative
1,0.19551282051282048,0.2,0.48888888888888893,0.4642857142857143,0.1922056985853563,1.0,0.515168513554878,1.0,1.0,0.8262705514737598,instance,informative
1,0.08823529411764708,0.2,0.48888888888888893,0.4642857142857143,0.3315336894299078,0.0,0.48087941631889364,0.9990654205607477,1.0,0.9354407122135041,instance,informative
1,0.07480314960629919,0.0,0.2329749103942652,0.35714285714285715,0.18204620022935192,0.0,0.4153430627255811,0.9922118380062306,1.0,0.9939061898770866,instance,informative
1,0.28308823529411764,0.2,0.2670454545454546,0.5357142857142857,0.2729010820810652,0.25,0.45494765095135015,0.9990654205607477,1.0,0.5782013860698573,instance,informative
0,0.8262092238470191,1.0,0.7563218390804598,0.42857142857142855,0.5706083213545807,1.0,0.5396708962357541,1.0,1.0,-0.38850660039888907,instance,informative
1,0.09340659340659341,0.0,0.18727272727272726,0.6428571428571429,0.2961614276880088,0.0,0.4768916532021249,0.9984423676012462,1.0,0.9689321512895803,instance,informative
1,0.20752628666297723,0.2,0.2436781609195402,0.8928571428571429,0.1799598658132866,0.0,0.49438210233073965,0.9996884735202493,1.0,1.7033658212563751,instance,informative
1,0.17142857142857149,0.0,0.2329749103942652,0.2857142857142857,0.1355214707563318,0.0,0.45604589101208903,0.9947040498442368,1.0,1.1917417141203275,instance,informative
1,0.050000000000000044,0.2,0.16666666666666663,0.7857142857142857,0.22851575305548028,0.0,0.47172585259064403,0.9987538940809969,1.0,0.46707540491356375,instance,informative
0,0.8677215189873417,1.0,0.7563218390804598,0.6785714285714286,0.7022754307200875,1.0,0.5271812039540793,1.0,1.0,-0.6599568685992958,instance,informative
1,0.0957446808510638,0.4,0.2436781609195402,0.8928571428571429,0.2604570940034542,0.0,0.4725114234632901,0.9990654205607477,1.0,1.3341332282111815,instance,informative
1,0.7173913043478262,0.4,0.2436781609195402,0.5357142857142857,0.3062825325785502,0.0,0.4839699213201043,0.9993769470404984,1.0,0.5754719551803205,instance,informative
1,0.07758620689655171,0.4,0.18727272727272726,0.6071428571428571,0.19611695224298298,0.0,0.48845061032841564,0.9996884735202493,1.0,0.9158415129135234,instance,informative
1,0.2862985685071575,0.0,0.2670454545454546,0.7857142857142857,0.3684032469259303,0.0,0.46780394946884385,0.997196261682243,1.0,0.9971166391898874,instance,informative
1,0.18213190184049077,0.0,0.2436781609195402,0.8928571428571429,0.1497889012074768,0.0,0.45607020466360304,0.9940809968847352,1.0,0.8394539635138131,instance,informative
1,0.19316239316239314,0.0,0.2436781609195402,0.8214285714285714,0.1745988376298001,0.0,0.48171206043489834,0.9981308411214953,1.0,0.812246762921906,instance,informative
0,0.7738095238095238,1.0,0.8127272727272727,0.8214285714285714,0.8362084372030195,1.0,0.56855383948258,1.0,1.0,-0.9843689168148347,instance,informative
0,0.858974358974359,1.0,0.4727272727272728,0.5357142857142857,0.7870941783806502,1.0,0.5324578885079896,1.0,1.0,-1.0459935646913696,instance,informative
1,0.2684210526315789,0.2,0.2329749103942652,0.5714285714285714,0.48640930018867046,0.0,0.45854282823158066,0.9987538940809969,1.0,0.00011756136897306507,instance,informative
1,0.10892857142857149,0.0,0.2436781609195402,0.39285714285714285,0.397542557456966,0.0,0.4801335078466691,0.9956386292834891,1.0,0.3198589514504818,instance,informative
1,0.09677419354838712,0.2,0.2436781609195402,0.5,0.3597394325013227,0.0,0.45617444122435336,0.9993769470404984,1.0,0.8621567275767104,instance,informative
1,0.3245844269466316,0.0,0.2436781609195402,0.8928571428571429,0.15433827323899868,0.0,0.4391204257809831,0.9975077881619938,1.0,1.2972595578622488,instance,informative
1,0.21144278606965172,0.2,0.48888888888888893,0.4642857142857143,0.13889143538937637,0.0,0.4643296245094687,0.9987538940809969,1.0,1.2966884013222788,instance,informative
1,0.13035870516185477,0.0,0.36363636363636365,0.42857142857142855,0.41224691859753193,0.0,0.45565829469820984,0.9968847352024922,1.0,0.48265080267885924,instance,informative
1,0.050000000000000044,0.2,0.18666666666666665,0.5,0.21206272942001847,1.0,0.5369506714924702,1.0,1.0,0.6841232752762527,instance,informative
1,0.18154761904761907,0.0,0.18727272727272726,0.75,0.32859941472413734,0.125,0.4406552443173243,0.9965732087227415,1.0,0.7648401948725828,instance,informative
1,0.4190647482014389,0.0,0.2436781609195402,0.6785714285714286,0.26177097473100686,0.0,0.4833000989449179,0.9981308411214953,1.0,0.742721083877221,instance,informative
1,0.32971014492753625,0.0,0.18727272727272726,0.6071428571428571,0.3997506183032302,0.0,0.4283344242904288,0.9940809968847352,1.0,0.7784141006508202,instance,informative
1,0.32000000000000006,0.0,0.2436781609195402,0.42857142857142855,0.5328317238654666,0.0,0.4745157126887767,0.9981308411214953,1.0,0.32511992103286447,instance,informative
1,0.15217391304347827,0.2,0.36363636363636365,0.5,0.2165080011120809,0.0,0.4516962048029749,0.9987538940809969,1.0,1.071186984208325,instance,informative
1,0.37058823529411766,0.2,0.2670454545454546,0.5357142857142857,0.5724630412035348,0.5,0.4903243784285012,0.9993769470404984,1.0,0.5678714182566729,instance,informative
1,0.1690647482014389,0.0,0.18727272727272726,0.7142857142857143,0.19807651592914866,0.0,0.4869000322535103,0.9978193146417446,1.0,0.8557365809467135,instance,informative
1,0.3112781954887218,0.0,0.36363636363636365,0.32142857142857145,0.40779144741666284,0.0,0.4448153082254108,0.9897196261682243,1.0,0.5838076075969068,instance,informative
1,0.10844155844155845,0.0,0.2670454545454546,0.7142857142857143,0.2582190422595226,0.0,0.4652293911233705,0.9981308411214953,1.0,0.6926364303920663,instance,informative
1,0.33573141486810554,0.4,0.326797385620915,0.5714285714285714,0.3073605900675961,0.5,0.5431818468319307,1.0,1.0,0.8951622130914562,instance,informative
1,0.07407407407407407,0.2,0.2436781609195402,0.8928571428571429,0.35372651645824155,1.0,0.5130025145140815,1.0,1.0,0.9761302204350226,instance,informative
1,0.270440251572327,0.2,0.2436781609195402,0.8928571428571429,0.3374051252468483,1.0,0.5083183697143665,1.0,1.0,0.5913627900200248,instance,informative
1,0.1685531496062992,0.2,0.2436781609195402,0.42857142857142855,0.21077898875286494,0.25,0.47041919334620375,0.9993769470404984,1.0,0.7533784336180059,instance,informative
1,0.09558823529411764,0.0,0.18727272727272726,0.7142857142857143,0.17243165558098894,0.0,0.47484050244889353,0.9984423676012462,1.0,1.144397409760473,instance,informative
1,0.17500000000000004,0.2,0.18974358974358974,0.5357142857142857,0.2869200173908642,0.0,0.4858574077981237,0.9996884735202493,1.0,0.7533356260021594,instance,informative
1,0.13657407407407407,0.2,0.2670454545454546,0.7857142857142857,0.30328592681691613,0.0,0.48346111501616806,0.9990654205607477,1.0,1.075113258647911,instance,informative
1,0.19316239316239314,0.0,0.326797385620915,0.5,0.1343911310336101,0.0,0.4832376557284137,0.9981308411214953,1.0,0.9312768304997786,instance,informative
1,0.059523809523809534,0.0,0.326797385620915,0.5714285714285714,0.2015787001943714,0.0,0.4686272639011999,0.9950155763239875,1.0,1.1419195369148452,instance,informative
1,0.21323529411764708,0.0,0.18727272727272726,0.6071428571428571,0.1397977637901036,0.0,0.4739982800088016,0.9984423676012462,1.0,0.8063579550142643,instance,informative
1,0.11538461538461542,0.0,0.18727272727272726,0.6428571428571429,0.1418725799544509,0.0,0.487176250993829,0.9981308411214953,1.0,0.8813400340705128,instance,informative
1,0.19316239316239314,0.0,0.2436781609195402,0.8928571428571429,0.2664475400047543,0.0,0.4707088025477715,0.9978193146417446,1.0,0.8882986744289401,instance,informative
1,0.1964285714285714,0.2,0.2436781609195402,0.8928571428571429,0.1967589995409179,0.0,0.48130768925731116,0.9990654205607477,1.0,1.0178079354448795,instance,informative
0,0.5416666666666667,0.6,0.673202614379085,0.6071428571428571,0.7742631830735947,0.6666666666666666,0.5335386334738439,1.0,1.0,-0.38121922256113394,instance,informative
1,0.5533333333333333,0.2,0.326797385620915,0.5,0.40368692390070304,0.0,0.47903710231250607,0.9993769470404984,1.0,0.5537452374205947,instance,informative
0,0.575,0.8,0.5111111111111111,0.5714285714285714,0.7442707025352006,1.0,0.5206948956824171,1.0,1.0,-0.605046104931002,instance,informative
1,0.1291208791208791,0.0,0.2436781609195402,0.8928571428571429,0.27753706646716214,0.0,0.4613106819632481,0.9984423676012462,1.0,0.5853783382470757,instance,informative
1,0.18194600674915629,0.0,0.18727272727272726,0.75,0.3173579785903886,0.0,0.4833337716927857,0.9981308411214953,1.0,0.4791391734630398,instance,informative
1,0.25,0.0,0.2436781609195402,0.5,0.18578071023035336,0.0,0.4900402889723452,0.9978193146417446,1.0,0.5953173407567153,instance,informative
1,0.0957446808510638,0.0,0.18727272727272726,0.6428571428571429,0.32182872987303623,0.0,0.4735415364746304,0.9975077881619938,1.0,0.6321943833516698,instance,informative
1,0.09305555555555556,0.0,0.18727272727272726,0.6071428571428571,0.3239028799357567,0.0,0.4706694987231671,0.9978193146417446,1.0,1.097989928040976,instance,informative
0,0.4177215189873418,0.8,0.5111111111111111,0.42857142857142855,0.875498915210454,1.0,0.512732979913964,1.0,0.975,-1.8154375432934498,instance,informative
1,0.07758620689655171,0.2,0.2329749103942652,0.2857142857142857,0.17714416464619454,0.0,0.4897582932653005,0.9987538940809969,1.0,0.5699711204499245,instance,informative
1,0.0,0.0,0.2436781609195402,0.9285714285714286,0.24109636718215954,0.0,0.48595149158556716,0.9984423676012462,1.0,0.7276011666149791,instance,informative
1,0.14901477832512322,0.0,0.2329749103942652,0.5357142857142857,0.1302021617145046,0.0,0.47432691991512177,0.9975077881619938,1.0,1.7798162208602661,instance,informative
1,0.35370051635111877,0.4,0.48888888888888893,0.4642857142857143,0.20553922248265755,0.2,0.4871926047449342,0.9996884735202493,1.0,1.1627129543539994,instance,informative
1,0.1671732522796353,0.2,0.2436781609195402,0.8928571428571429,0.33556174157212604,0.0,0.49283358193972093,0.9996884735202493,1.0,0.9015472303512849,instance,informative
1,0.19316239316239314,0.0,0.2436781609195402,0.39285714285714285,0.1738607860690496,0.5,0.47394450515350484,0.997196261682243,1.0,0.5690020357605295,instance,informative
1,0.14920634920634923,0.2,0.2436781609195402,0.39285714285714285,0.338488801097112,0.0,0.49241203448848403,0.9990654205607477,1.0,0.7419510079240332,instance,informative
1,0.256656346749226,0.2,0.2329749103942652,0.35714285714285715,0.23632305122808317,0.0,0.45739956306427554,0.9990654205607477,1.0,0.3474199180273593,instance,informative
1,0.125,0.0,0.18727272727272726,0.75,0.17440166587118622,0.0,0.4805498249949903,0.9981308411214953,1.0,0.8186232768702633,instance,informative
1,0.22411616161616155,0.0,0.18727272727272726,0.7142857142857143,0.34403374854024926,0.0,0.47492632285138414,0.9981308411214953,1.0,0.3484242450734956,instance,informative
1,0.16842105263157903,0.0,0.18974358974358974,0.5714285714285714,0.42700560225666717,0.0,0.488238897131121,0.9984423676012462,1.0,-0.11957966000301255,instance,informative
1,0.201844262295082,0.0,0.2670454545454546,0.7857142857142857,0.1879895194488685,0.0,0.46456230340998084,0.9975077881619938,1.0,1.6759925085047531,instance,informative
0,0.7867647058823529,1.0,0.8127272727272727,0.5,0.8379857131848215,0.8333333333333334,0.5350932609166809,1.0,1.0,-1.1171011451508432,instance,informative
1,0.09883720930232553,0.0,0.16666666666666663,0.4642857142857143,0.22607512074811176,0.0,0.4843646727130635,0.9953271028037384,1.0,1.0725789764909128,instance,informative
0,0.8314468503937008,0.6,0.8127272727272727,0.35714285714285715,0.7469248261345421,0.5,0.4931715863589,0.9994407158836689,1.0,-0.8463318079946114,instance,informative
1,0.11538461538461542,0.2,0.2670454545454546,0.7857142857142857,0.2516516471248881,0.0,0.46862791418756267,0.9996884735202493,1.0,0.9443851349352297,instance,informative
1,0.03749999999999998,0.0,0.18974358974358974,0.6785714285714286,0.616554131518961,0.0,0.48574313989074824,0.9968847352024922,1.0,0.5957716432755015,instance,informative
1,0.5023980815347722,0.0,0.36363636363636365,0.4642857142857143,0.5889822160511956,0.0,0.4676065506889132,0.9978193146417446,1.0,0.10076424381264525,instance,informative
0,0.8759259259259259,0.8,0.5763546798029557,0.6071428571428571,0.6237105352925799,0.5,0.49940805376856445,0.9994407158836689,1.0,-0.6072618028902349,instance,informative
1,0.025862068965517238,0.4,0.2436781609195402,0.8928571428571429,0.2047755884893513,0.25,0.4975663382156592,0.9996884735202493,1.0,0.6739411240248163,instance,informative
1,0.17948717948717952,0.2,0.2670454545454546,0.42857142857142855,0.3073090873123693,0.5,0.5076556815105437,1.0,1.0,0.6552769185972689,instance,informative
1,0.17462422634836428,0.0,0.18727272727272726,0.7142857142857143,0.2821361723738346,0.0,0.46098105045373383,0.9984423676012462,1.0,0.499968432065495,instance,informative
1,0.11321721311475408,0.2,0.2436781609195402,0.39285714285714285,0.38362863409698206,0.6666666666666666,0.5031104412594019,1.0,1.0,0.6182166064135881,instance,informative
0,0.7571428571428571,1.0,0.7670250896057348,0.6071428571428571,0.7796564791771705,1.0,0.5216741215706296,1.0,1.0,-0.7043950210644935,instance,informative
1,0.025862068965517238,0.0,0.2329749103942652,0.5,0.47687957789311186,0.0,0.46225317307290814,0.9981308411214953,1.0,0.3983727604872185,instance,informative
1,0.19615384615384612,0.2,0.18974358974358974,0.6785714285714286,0.2999132992874226,0.0,0.45628906384539736,0.9993769470404984,1.0,0.38565583093923306,instance,informative
1,0.21904761904761905,0.0,0.18974358974358974,0.6785714285714286,0.2504555285614839,0.0,0.4538300327047302,0.9965732087227415,1.0,1.1485747733868064,instance,informative
1,0.08333333333333326,0.0,0.16666666666666663,0.75,0.5936876569375946,0.0,0.46070929416785256,0.997196261682243,0.975,0.30622088277001275,instance,informative
1,0.3607287449392713,0.2,0.2329749103942652,0.6785714285714286,0.3544318834590846,0.25,0.5050117997555927,1.0,1.0,0.9464469398730174,instance,informative
1,0.3119218910585817,0.2,0.2436781609195402,1.0,0.39814336895708946,0.0,0.49949978502852244,0.9990654205607477,1.0,0.7228203858262386,instance,informative
0,0.6544117647058824,0.6,0.5111111111111111,0.42857142857142855,0.7870937374510413,1.0,0.50616606077307,1.0,1.0,-0.12216096234871594,instance,informative
1,0.19307832422586513,0.4,0.2436781609195402,0.39285714285714285,0.43664769526238956,1.0,0.503045800923658,1.0,1.0,0.24355972167718443,instance,informative
1,0.2684210526315789,0.0,0.2329749103942652,0.5,0.29279407687120396,0.14285714285714285,0.47168440815081714,0.997196261682243,1.0,0.943537425889418,instance,informative
1,0.09558823529411764,0.2,0.2436781609195402,0.8928571428571429,0.30445719030168394,0.0,0.48613486484457447,0.9990654205607477,1.0,0.7061422826981348,instance,informative
1,0.18550368550368546,0.0,0.4236453201970444,0.6428571428571429,0.3120966569005419,0.25,0.4426249283234397,0.9978193146417446,1.0,0.26474684278258914,instance,informative
0,0.8311965811965811,0.8,0.21590909090909094,0.32142857142857145,0.544795244952535,1.0,0.5222284763863105,1.0,1.0,-0.8477884603537528,instance,informative
1,0.12810945273631846,0.0,0.2670454545454546,0.5357142857142857,0.3783714176323628,0.0,0.46605723758901385,0.9968847352024922,1.0,0.40794939933114355,instance,informative
1,0.13,0.4,0.2436781609195402,0.8928571428571429,0.5341072717393248,0.0,0.46208686984628167,0.9996884735202493,1.0,0.16702495773927753,instance,informative
1,0.3339176161262051,0.2,0.2436781609195402,0.8928571428571429,0.38415360054923886,0.09090909090909091,0.48748754773924596,0.9990654205607477,1.0,0.6741809129859074,instance,informative
0,0.8544871794871796,0.8,0.5111111111111111,0.6071428571428571,0.7271481958661706,1.0,0.5548654904135744,1.0,1.0,-0.8075854821359493,instance,informative
1,0.18888888888888888,0.2,0.5714285714285714,0.39285714285714285,0.3641577449280927,0.0,0.48805508148245935,0.9987538940809969,1.0,0.8348789875805399,instance,informative
1,0.19480519480519476,0.0,0.18727272727272726,0.6428571428571429,0.20510416149183108,0.25,0.456368794236934,0.9953271028037384,1.0,1.1187249564872517,instance,informative
1,0.2768361581920904,0.2,0.36363636363636365,0.5,0.41862986888469844,0.0,0.49957601147146,0.9996884735202493,1.0,0.5597480018209293,instance,informative
0,0.4180327868852459,1.0,0.4727272727272728,0.5357142857142857,0.7155758031443843,1.0,0.5345351402883616,1.0,1.0,-0.9573920596444946,instance,informative
0,0.7137014314928425,1.0,0.8102564102564103,0.6071428571428571,0.632173286339438,1.0,0.5213725986473644,1.0,1.0,-0.2574556400901295,instance,informative
1,0.08333333333333326,0.2,0.18727272727272726,0.8214285714285714,0.14206628483626443,1.0,0.5092013054114315,1.0,1.0,1.2639343087000414,instance,informative
1,0.17142857142857149,0.0,0.2329749103942652,0.5357142857142857,0.2097414742018059,0.0,0.4584130247831718,0.9953271028037384,1.0,1.1616751529373777,instance,informative
1,0.1779279279279279,0.2,0.18727272727272726,0.75,0.5240354222026269,1.0,0.5198214249882698,1.0,1.0,0.716498482822564,instance,informative
1,0.03749999999999998,0.6,0.6852791878172588,0.39285714285714285,0.14781008856071265,0.0,0.4955447841109417,0.9996884735202493,0.975,0.5468670295639575,instance,informative
1,0.20752628666297723,0.0,0.18727272727272726,0.6071428571428571,0.3882487839958112,0.0,0.4750684037955152,0.9978193146417446,1.0,0.6380363626590937,instance,informative
1,0.29166666666666674,0.4,0.18974358974358974,0.6785714285714286,0.2381301580293108,0.5,0.5086765815294458,1.0,1.0,1.1320109187675282,instance,informative
1,0.22619047619047616,0.2,0.5714285714285714,0.39285714285714285,0.19655147071660772,1.0,0.5004977658248615,1.0,0.975,0.656683406074658,instance,informative
1,0.18194600674915629,0.6,0.2436781609195402,0.5357142857142857,0.38608539157589755,1.0,0.5053019011412347,1.0,1.0,0.5623254622166618,instance,informative
1,0.2227011494252873,0.2,0.2436781609195402,0.5,0.29171791134376157,0.0,0.4976883176330138,0.9996884735202493,1.0,0.7462201617814864,instance,informative
1,0.14574468085106385,0.2,0.2670454545454546,0.7857142857142857,0.1803594904790516,0.16666666666666666,0.4933521713917658,0.9987538940809969,1.0,0.8644086143095803,instance,informative
1,0.164983164983165,0.2,0.36363636363636365,0.32142857142857145,0.262370389006071,0.0,0.48260276982675887,0.9990654205607477,1.0,0.9179995758796257,instance,informative
1,0.3338509316770186,0.2,0.18974358974358974,0.6071428571428571,0.18456649448158885,0.0,0.4755382429397015,0.9987538940809969,1.0,0.9824679495780403,instance,informative
1,0.2655038759689923,0.2,0.2436781609195402,0.8928571428571429,0.257774440502898,1.0,0.502541394846525,1.0,1.0,0.8720430868213818,instance,informative
1,0.3277777777777777,0.2,0.326797385620915,0.5714285714285714,0.359534100107359,0.0,0.4888813082180117,0.9990654205607477,1.0,0.8529462216582261,instance,informative
1,0.0957446808510638,0.4,0.2670454545454546,0.7857142857142857,0.3654198077876877,0.0,0.4853882984868195,0.9993769470404984,1.0,0.7812920979605035,instance,informative
1,0.23963133640553003,0.4,0.2436781609195402,0.5357142857142857,0.20478620988918372,0.0,0.49525847859368943,0.9993769470404984,1.0,0.33098282689903846,instance,informative
1,0.17647058823529416,0.0,0.2436781609195402,0.8928571428571429,0.16049466822906572,0.0,0.44182379902939606,0.9981308411214953,1.0,1.3549213438146113,instance,informative
1,0.0,0.0,0.2436781609195402,1.0,0.13997034328083346,0.0,0.4570826487617955,0.9968847352024922,0.975,1.2789832559537526,instance,informative
0,0.7344961240310077,0.6,0.4727272727272728,0.5714285714285714,0.7399322370911952,0.6,0.5172425929524156,1.0,1.0,-0.7526508048995604,instance,informative
1,0.14922813036020588,0.2,0.2670454545454546,0.8214285714285714,0.39198248675622593,0.0,0.4916502644696529,0.9996884735202493,1.0,0.1027524954142598,instance,informative
1,0.1428571428571429,0.4,0.2329749103942652,0.5357142857142857,0.29670396988490766,0.0,0.49833576100729127,0.9996884735202493,1.0,0.6796201111749243,instance,informative
1,0.1821705426356589,0.0,0.36363636363636365,0.4642857142857143,0.49584031595812483,0.0,0.477002171012501,0.9981308411214953,1.0,0.5403140370976197,instance,informative
1,0.0,0.6,0.2436781609195402,0.42857142857142855,0.13138281331769208,1.0,0.503648284298623,1.0,1.0,1.1487644360424583,instance,informative
1,0.045454545454545414,0.2,0.2436781609195402,0.5357142857142857,0.46215361462460314,0.0,0.44699166682972147,0.9987538940809969,1.0,0.32151450988750147,instance,informative
1,0.360843373493976,0.4,0.2329749103942652,0.6785714285714286,0.21764062372390292,0.0,0.4771421636037534,0.9996884735202493,1.0,0.6880986567672138,instance,informative
0,0.5952380952380952,0.8,0.7670250896057348,0.5,0.8323142598814433,0.6666666666666666,0.509234339313335,1.0,1.0,-1.2459441521543073,instance,informative
1,0.0714285714285714,0.0,0.2436781609195402,0.5,0.16552715368237314,0.0,0.44173597489943195,0.9934579439252337,1.0,1.133705068243832,instance,informative
1,0.18194600674915629,0.6,0.2436781609195402,0.8928571428571429,0.3186917643784173,0.42857142857142855,0.4844500250384408,0.9996884735202493,1.0,0.003062418148070176,instance,informative
1,0.139344262295082,0.2,0.2436781609195402,0.8928571428571429,0.531062109217671,0.5,0.47307122371945376,0.9987538940809969,1.0,0.3341760671525791,instance,informative
1,0.5690647482014388,0.2,0.36363636363636365,0.5,0.289478459998746,0.3333333333333333,0.4835378654532482,0.9987538940809969,1.0,0.693388411699934,instance,informative
1,0.09883720930232553,0.0,0.5272727272727273,0.6071428571428571,0.22397671444264738,0.0,0.4650246413515169,0.9950155763239875,1.0,0.8046901647899773,instance,informative
1,0.050000000000000044,0.0,0.2436781609195402,0.8928571428571429,0.3300895260719162,0.0,0.4460916436558756,0.9956386292834891,1.0,0.7051905403387376,instance,informative
1,0.025000000000000022,0.4,0.2436781609195402,0.8928571428571429,0.21572367433128636,1.0,0.5078657950582249,1.0,1.0,0.41804198827298433,instance,informative
1,0.09340659340659341,0.4,0.2436781609195402,0.39285714285714285,0.2051431119741648,1.0,0.5060970908434466,1.0,1.0,0.04762122065414864,instance,informative
1,0.04477611940298509,0.2,0.25,0.17857142857142858,0.5569635200814896,0.0,0.4763223443683072,0.9987538940809969,1.0,0.45398661573244004,instance,informative
0,0.8708791208791209,0.8,0.8127272727272727,0.5,0.7342238846254082,0.0,0.4766003611031979,0.9994407158836689,0.975,-0.4700188942291983,instance,informative
0,0.8785714285714286,1.0,0.22807017543859653,0.7142857142857143,0.7344347511890494,1.0,0.542370922689848,1.0,1.0,-1.0702252363644311,instance,informative
1,0.32000000000000006,0.0,0.2436781609195402,0.8928571428571429,0.5012605206627031,0.0,0.4628823341308479,0.9978193146417446,1.0,0.3267510510331803,instance,informative
1,0.11538461538461542,0.2,0.326797385620915,0.5714285714285714,0.24618985390005932,0.0,0.46879697232408624,0.9990654205607477,1.0,1.2966451735223457,instance,informative
1,0.338265306122449,0.0,0.36363636363636365,0.32142857142857145,0.15023402208099884,0.0,0.45454024558664496,0.9919003115264797,1.0,1.407613950775281,instance,informative
1,0.34615384615384615,0.2,0.2436781609195402,0.8928571428571429,0.38965534289933534,0.0,0.49007843470591206,0.9996884735202493,1.0,0.3051511688159632,instance,informative
1,0.1821705426356589,0.2,0.18727272727272726,0.75,0.1747165903109969,0.3333333333333333,0.48982891710333254,0.9990654205607477,1.0,1.2740404037004593,instance,informative
1,0.07777777777777772,0.4,0.2436781609195402,0.8928571428571429,0.3108078127158548,0.0,0.4791676725487499,0.9993769470404984,1.0,0.6383992514095015,instance,informative
1,0.0,0.2,0.7840909090909091,0.10714285714285714,0.5444054409221456,0.0,0.4727300320296549,0.9987538940809969,1.0,0.16435622289974067,instance,informative
1,0.07407407407407407,0.2,0.2670454545454546,0.7857142857142857,0.35381113920287943,0.0,0.4829765473258618,0.9993769470404984,1.0,0.42719539976256865,instance,informative
1,0.0957446808510638,0.0,0.16666666666666663,0.7857142857142857,0.3284024416947142,0.0,0.47943328663782836,0.9965732087227415,1.0,0.24792924593619844,instance,informative
1,0.07971014492753625,0.4,0.5272727272727273,0.6071428571428571,0.16788692042726522,1.0,0.5141844084048173,1.0,1.0,0.6405571170328297,instance,informative
1,0.16902887139107614,0.2,0.18974358974358974,0.6785714285714286,0.32361457877072264,0.0,0.4728605777226512,0.9987538940809969,1.0,0.832111678955645,instance,informative
1,0.3500000000000001,0.0,0.6896551724137931,0.42857142857142855,0.3370013705729443,0.0,0.4775494577863171,0.9981308411214953,1.0,-0.16737975365202615,instance,informative
1,0.33744221879815095,0.6,0.2329749103942652,0.35714285714285715,0.16033881256114457,1.0,0.5095415753642825,1.0,1.0,0.9700729665221732,instance,informative
1,0.09999999999999998,0.4,0.2670454545454546,0.75,0.5830277953551074,0.0,0.45038627820763844,0.9993769470404984,1.0,-0.14107850681695863,instance,informative
1,0.15476190476190477,0.4,0.18974358974358974,0.6785714285714286,0.39838792674759127,0.0,0.49773807012395177,0.9993769470404984,1.0,-0.05161718403891527,instance,informative
1,0.09558823529411764,0.0,0.2670454545454546,0.6071428571428571,0.3475881378522021,0.0,0.4799942827976801,0.9968847352024922,1.0,0.6424741861848533,instance,informative
1,0.07051282051282048,0.2,0.2436781609195402,0.39285714285714285,0.34284741478046404,0.0,0.4761799739456247,0.9990654205607477,1.0,0.6921492582713688,instance,informative
0,0.7610294117647058,1.0,0.5763546798029557,0.7142857142857143,0.8429187440828035,1.0,0.5663000010017074,1.0,1.0,-1.0365278143119652,instance,informative
1,0.11956521739130432,0.0,0.18727272727272726,0.7142857142857143,0.1595023985771578,0.0,0.4454312203576629,0.9975077881619938,1.0,0.5838345941702899,instance,informative
1,0.2133699633699634,0.0,0.2436781609195402,0.8928571428571429,0.5339413859962784,0.0,0.44165845603224596,0.9968847352024922,1.0,0.5046698872608476,instance,informative
1,0.10795454545454541,0.2,0.18727272727272726,0.6071428571428571,0.16423920772429923,0.0,0.49845709744128486,0.9996884735202493,1.0,1.1939465809861438,instance,informative
1,0.09883720930232553,0.2,0.18727272727272726,0.5,0.21939841565405888,0.0,0.4901440963901701,0.9993769470404984,0.975,1.0292623895056088,instance,informative
0,0.7169117647058824,1.0,0.6363636363636364,0.39285714285714285,0.6308671667224047,1.0,0.5254235011828201,1.0,1.0,-0.5570003264852365,instance,informative
1,0.03749999999999998,0.0,0.18974358974358974,0.6785714285714286,0.30785257946525846,0.0,0.47662196184263117,0.9984423676012462,1.0,0.8225667929013284,instance,informative
1,0.14922813036020588,0.0,0.2670454545454546,0.75,0.3232462784719141,0.0,0.48330327768246695,0.9984423676012462,1.0,1.1734086269461894,instance,informative
1,0.16963190184049082,0.0,0.2670454545454546,0.42857142857142855,0.5897669713278619,0.0,0.4690060539140386,0.9953271028037384,1.0,0.3859028404254725,instance,informative
1,0.26225490196078427,0.0,0.2436781609195402,0.8928571428571429,0.31779358174086497,0.0,0.46465167848027733,0.9981308411214953,1.0,0.7562920256865163,instance,informative
1,0.14588377723970947,0.0,0.2329749103942652,0.5357142857142857,0.18028294348923335,0.0,0.4262430097042229,0.9968847352024922,1.0,0.958745475650691,instance,informative
1,0.139344262295082,0.2,0.2436781609195402,0.8928571428571429,0.21903269172051348,1.0,0.5007259362672454,1.0,1.0,0.8539489965107625,instance,informative
0,0.7333333333333334,0.8,0.7670250896057348,0.2857142857142857,0.668814192991543,1.0,0.5374480510145636,1.0,1.0,0.26321247182258184,instance,informative
1,0.20833333333333326,0.0,0.18727272727272726,0.75,0.16609905194557223,0.0,0.46463615403716985,0.9940809968847352,1.0,1.2083976461081065,instance,informative
1,0.14016393442622954,0.2,0.4236453201970444,0.6071428571428571,0.2230822466302766,0.3333333333333333,0.5410302800046667,1.0,1.0,0.3851896357267712,instance,informative
1,0.07971014492753625,0.0,0.2329749103942652,0.5357142857142857,0.13271903309329136,0.0,0.476710714696441,0.9978193146417446,1.0,1.5160150477507959,instance,informative
1,0.06432360742705567,0.2,0.2436781609195402,0.9285714285714286,0.39037455964456536,0.0,0.48690563529340514,0.9987538940809969,1.0,0.7626236191137669,instance,informative
0,0.25,0.8,0.7563218390804598,0.6071428571428571,0.6901428918794063,1.0,0.5096509420392232,1.0,1.0,-0.633459850936082,instance,informative
0,0.8488612836438924,1.0,0.5763546798029557,0.7142857142857143,0.6071471495774805,0.5,0.5678956735800865,1.0,1.0,0.20051405125296148,instance,informative
1,0.270440251572327,0.0,0.48888888888888893,0.4642857142857143,0.22840305486535017,0.0,0.4586886952196797,0.9975077881619938,1.0,0.6641704009733929,instance,informative
1,0.0714285714285714,0.2,0.2329749103942652,0.5357142857142857,0.43215767547164585,0.0,0.47632962529876555,0.9987538940809969,0.975,0.16762474502896332,instance,informative
1,0.05844155844155852,0.0,0.16666666666666663,0.7857142857142857,0.4906199649703368,0.0,0.45505266718627735,0.9950155763239875,1.0,0.6846797653351981,instance,informative
1,0.0,0.0,0.2329749103942652,0.2857142857142857,0.2809834701539997,0.0,0.47839709232538963,0.9968847352024922,1.0,1.2812766072899555,instance,informative
1,0.07051282051282048,0.0,0.2670454545454546,0.5357142857142857,0.3270678707111251,0.0,0.46284380237372524,0.997196261682243,1.0,0.5546534863178645,instance,informative
1,0.4320652173913043,0.6,0.4236453201970444,0.6428571428571429,0.2280607315554723,0.6,0.5163069140731948,1.0,1.0,0.7302194457060339,instance,informative
1,0.1529652351738241,0.2,0.18727272727272726,0.6071428571428571,0.23626662028940515,0.5,0.49957863085026266,0.9996884735202493,1.0,0.6311209580751642,instance,informative
1,0.10236220472440949,0.0,0.2329749103942652,0.32142857142857145,0.13560833893068136,0.0,0.4819700351914985,0.9959501557632399,1.0,0.8390493890210102,instance,informative
1,0.09615384615384615,0.0,0.18666666666666665,0.5,0.181978311434841,0.0,0.46331129177891983,0.9956386292834891,1.0,1.219331645544173,instance,informative
1,0.1291208791208791,0.0,0.2436781609195402,0.6428571428571429,0.28787355861960984,0.0,0.4442838589656244,0.991588785046729,1.0,0.5653433729477152,instance,informative
1,0.1478167501789549,0.6,0.2436781609195402,0.8928571428571429,0.2973458238315252,0.0,0.4676544509864241,0.9996884735202493,1.0,0.7394218940265034,instance,informative
0,0.7751968503937008,0.8,0.8133333333333334,0.39285714285714285,0.7804852456780489,1.0,0.5374335370123593,1.0,1.0,-0.9353991466623679,instance,informative
1,0.360843373493976,0.2,0.5272727272727273,0.5,0.41262020832150814,0.0,0.4974510442754201,0.9996884735202493,1.0,0.2899357635464046,instance,informative
1,0.17462422634836428,0.4,0.2436781609195402,0.5357142857142857,0.4212051927327932,0.0,0.49887999091801283,0.9996884735202493,1.0,0.143694139162949,instance,informative
1,0.4504310344827587,0.2,0.18974358974358974,0.6785714285714286,0.3972967524785917,0.25,0.5001342827058757,1.0,1.0,0.40775633042134535,instance,informative
1,0.360843373493976,0.6,0.2670454545454546,0.7857142857142857,0.2439864733558202,0.3333333333333333,0.48296709826131745,0.9993769470404984,1.0,0.847458044812413,instance,informative
1,0.338265306122449,0.4,0.36363636363636365,0.32142857142857145,0.2905989267382578,0.6666666666666666,0.5021977225773373,1.0,1.0,0.8635661503718679,instance,informative
0,0.8265027322404371,0.6,0.7563218390804598,0.39285714285714285,0.5881172861807161,1.0,0.5188588571151179,1.0,1.0,-0.848730449687178,instance,informative
1,0.5962643678160919,0.4,0.2436781609195402,0.8928571428571429,0.40699968078831383,0.0,0.493547943909583,0.9996884735202493,1.0,0.7098954817384588,instance,informative
1,0.08836206896551724,0.0,0.6896551724137931,0.42857142857142855,0.3573222762560654,0.0,0.45643796318919516,0.9950155763239875,1.0,0.09220411292846512,instance,informative
0,0.7615546218487395,1.0,0.7563218390804598,0.35714285714285715,0.5476591394959008,1.0,0.5288619964397752,1.0,1.0,-0.0620019842168019,instance,informative
0,0.6661490683229814,1.0,0.8333333333333334,0.6428571428571429,0.8515013552242707,1.0,0.5448017068376594,1.0,1.0,-1.2911512409334867,instance,informative
1,0.09023066485753062,0.2,0.18666666666666665,0.5,0.23830132504538043,1.0,0.5078610387208395,1.0,1.0,0.48841698838892034,instance,informative
0,0.8554006968641115,1.0,0.7329545454545454,0.6071428571428571,0.45382197289520143,1.0,0.530673449819433,1.0,1.0,-0.025101905673784147,instance,informative
1,0.19285714285714284,0.2,0.36363636363636365,0.32142857142857145,0.2099080553739821,0.3333333333333333,0.497188191930933,0.9996884735202493,1.0,0.6352357308303187,instance,informative
1,0.19883720930232562,0.2,0.16666666666666663,0.5357142857142857,0.3043357390748218,0.0,0.49316491937213325,0.9996884735202493,1.0,0.9569328382960667,instance,informative
0,0.8535714285714286,1.0,0.5763546798029557,0.6785714285714286,0.8423178956970384,1.0,0.5158670605531999,1.0,1.0,-1.4169149664632081,instance,informative
1,0.17352941176470593,0.0,0.16666666666666663,0.8571428571428571,0.14426766427083926,0.0,0.49269230301975186,0.9981308411214953,1.0,0.9699891151745071,instance,informative
1,0.2116161616161616,0.0,0.2436781609195402,0.39285714285714285,0.2621436420892653,0.0,0.47805740614674497,0.9978193146417446,1.0,0.6418603948673637,instance,informative
1,0.07971014492753625,0.2,0.2329749103942652,0.35714285714285715,0.13093517271391636,0.0,0.469624827850079,0.9996884735202493,1.0,0.624861315326,instance,informative
0,0.6768292682926829,1.0,0.7329545454545454,0.5357142857142857,0.6253658588138348,1.0,0.5424444655087071,1.0,1.0,-0.6155184837560604,instance,informative
1,0.1779279279279279,0.4,0.2436781609195402,0.8928571428571429,0.33046888991830947,0.0,0.4838010267928934,0.9990654205607477,1.0,0.4078985046751753,instance,informative
1,0.15476190476190477,0.2,0.2670454545454546,0.7857142857142857,0.5161452877060433,0.25,0.5046892376423151,1.0,1.0,0.9308680900876799,instance,informative
1,0.20727848101265822,0.2,0.2329749103942652,0.6785714285714286,0.4227286891804528,1.0,0.5327572797997144,1.0,1.0,1.2848119838634118,instance,informative
1,0.09558823529411764,0.2,0.2436781609195402,0.8928571428571429,0.36951616927404674,0.0,0.4869971914397301,0.9990654205607477,1.0,0.7573438838433433,instance,informative
1,0.10844155844155845,0.0,0.2329749103942652,0.35714285714285715,0.1466937352261647,0.0,0.48432526306518,0.9981308411214953,1.0,0.5911726514305631,instance,informative
0,0.5867346938775511,0.6,0.8127272727272727,0.6071428571428571,0.7301162674910476,0.4,0.5090899448137323,1.0,1.0,-0.6372012366942033,instance,informative
1,0.2537735849056604,0.2,0.18666666666666665,0.5357142857142857,0.4121966616840931,0.0,0.47859097341919254,0.9993769470404984,1.0,0.8228216516956525,instance,informative
1,0.16955266955266957,0.2,0.2670454545454546,0.7857142857142857,0.5685546869202482,0.0,0.49471829923353916,0.9996884735202493,1.0,0.888268887208047,instance,informative
0,0.7052238805970149,1.0,0.8333333333333334,0.7857142857142857,0.7997003311290096,1.0,0.5504937863684485,1.0,1.0,-1.2065676083034023,instance,informative
0,0.8068376068376069,1.0,0.7563218390804598,0.32142857142857145,0.7766248890915267,1.0,0.5302799053387659,1.0,1.0,-0.6535667120669093,instance,informative
1,0.2227011494252873,0.4,0.4236453201970444,0.6428571428571429,0.23384802817637856,0.16666666666666666,0.47663507491031853,0.9993769470404984,1.0,0.7050589385418122,instance,informative
1,0.20377358490566033,0.0,0.36363636363636365,0.32142857142857145,0.1374810944229199,0.0,0.4468103825975216,0.9928348909657321,1.0,1.1672535043739727,instance,informative
1,0.14574468085106385,0.0,0.36363636363636365,0.32142857142857145,0.19490763358564406,0.0,0.488483895242282,0.9984423676012462,1.0,0.6552503031189475,instance,informative
1,0.25,0.0,0.36363636363636365,0.35714285714285715,0.43358404875372525,0.0,0.46289635978189403,0.9984423676012462,1.0,0.3819142089072171,instance,informative
1,0.09677419354838712,0.0,0.2436781609195402,0.42857142857142855,0.22702278602103088,0.0,0.4713764374931497,0.9984423676012462,1.0,0.6978477973469116,instance,informative
1,0.3775100401606426,0.0,0.2329749103942652,0.35714285714285715,0.3059409959670566,0.0,0.4894700652800269,0.9968847352024922,1.0,0.9849972865798056,instance,informative
1,0.2666666666666666,0.4,0.2329749103942652,0.6785714285714286,0.2728115416192348,0.6666666666666666,0.5030684399810905,1.0,0.975,0.6673336139486644,instance,informative
1,0.32971014492753625,0.0,0.4236453201970444,0.7142857142857143,0.2439783930123518,0.4444444444444444,0.4583855579637993,0.9981308411214953,1.0,0.37643456196912306,instance,informative
0,0.6666666666666667,0.8,0.6363636363636364,0.5,0.7378377410966906,1.0,0.501424768896289,1.0,1.0,-0.17051640345146155,instance,informative
1,0.17379077615298089,0.2,0.2329749103942652,0.35714285714285715,0.1504466705709544,0.0,0.49861417067750746,0.9996884735202493,1.0,1.2203375610698737,instance,informative
1,0.050000000000000044,0.2,0.2329749103942652,0.5357142857142857,0.12977407281324688,0.0,0.48205062912942376,0.9987538940809969,1.0,0.9314912070732607,instance,informative
1,0.125,0.4,0.36363636363636365,0.32142857142857145,0.3005970483735543,0.4,0.5050171377547763,1.0,1.0,0.6305898042067984,instance,informative
1,0.10377358490566035,0.0,0.2436781609195402,0.8928571428571429,0.21258906380583342,0.0,0.4720960060452013,0.9984423676012462,1.0,1.025028212655132,instance,informative
1,0.201844262295082,0.2,0.4236453201970444,0.5714285714285714,0.45533643596984297,0.0,0.4994348443252078,0.9996884735202493,1.0,0.38803473410404377,instance,informative
1,0.21906474820143884,0.2,0.2670454545454546,0.7857142857142857,0.31820727366206036,0.0,0.4975567557631656,0.9990654205607477,1.0,0.21033875741380165,instance,informative
1,0.21963190184049075,0.2,0.2329749103942652,0.6071428571428571,0.19169063534133635,0.0,0.47271020792359675,0.9987538940809969,1.0,1.1382687608861175,instance,informative
1,0.35557299843014123,0.4,0.2436781609195402,0.8928571428571429,0.33125555908838866,0.5,0.5123652142353168,1.0,1.0,0.547450826723529,instance,informative
1,0.04477611940298509,0.2,0.16666666666666663,0.7857142857142857,0.30615103029283286,0.0,0.47129288038633,0.9993769470404984,1.0,0.9892958780898596,instance,informative
0,0.8669871794871795,0.8,0.7563218390804598,0.39285714285714285,0.574547551168444,0.0,0.4986916403908309,0.9994407158836689,1.0,-0.09369749155828075,instance,informative
1,0.16758241758241765,0.0,0.2436781609195402,0.42857142857142855,0.1759374240826243,0.0,0.4512702821175367,0.9937694704049844,1.0,0.8531348780518432,instance,informative
1,0.26344086021505375,0.4,0.2436781609195402,0.5,0.16300187494768836,0.5,0.4865191794382481,0.9996884735202493,1.0,0.26079425761363756,instance,informative
1,0.13,0.0,0.36363636363636365,0.5,0.30392771922663103,0.0,0.46910415124933724,0.997196261682243,1.0,0.845439349475921,instance,informative
1,0.14920634920634923,0.0,0.18974358974358974,0.5357142857142857,0.1490475373487123,0.0,0.4736832690137487,0.9962616822429906,1.0,0.7567843900790778,instance,informative
1,0.09615384615384615,0.0,0.18666666666666665,0.5,0.26995331878603235,0.0,0.4674692232068486,0.9968847352024922,1.0,0.37220934820997226,instance,informative
1,0.08227848101265822,0.0,0.2670454545454546,0.4642857142857143,0.14312738140156833,0.0,0.4558762731133066,0.9978193146417446,1.0,1.3861156198216453,instance,informative
1,0.1339285714285714,0.2,0.18727272727272726,0.75,0.2354544273726905,0.0,0.4921767289525557,0.9990654205607477,1.0,1.067879205031254,instance,informative
1,0.2928571428571429,0.2,0.5272727272727273,0.6071428571428571,0.2713598674311136,0.25,0.4856037122781175,0.9987538940809969,1.0,0.5925200163277032,instance,informative
1,0.21326530612244898,0.2,0.2670454545454546,0.7857142857142857,0.18651863922148354,0.0,0.4688064871700789,0.9987538940809969,1.0,0.6148001633561367,instance,informative
0,0.0,1.0,0.75,0.17857142857142858,0.5024977748398709,1.0,0.5193670608300276,1.0,1.0,-0.19368343633814541,instance,informative
1,0.12025769506084472,0.0,0.2436781609195402,0.8928571428571429,0.2533737805563857,0.0,0.4632012624155122,0.9965732087227415,1.0,0.9198352828046547,instance,informative
1,0.11321721311475408,0.2,0.16666666666666663,0.7857142857142857,0.5473329841699482,0.5,0.5079216660449335,1.0,1.0,0.7439316617050601,instance,informative
1,0.1957446808510639,0.2,0.2436781609195402,0.8928571428571429,0.32069417944410034,0.3333333333333333,0.4837819462058458,0.9996884735202493,1.0,0.9401179877109945,instance,informative
0,0.5495689655172413,0.6,0.7670250896057348,0.32142857142857145,0.8255706640597977,1.0,0.5005770803500623,1.0,0.975,-0.4303338371473318,instance,informative
1,0.16880341880341887,0.0,0.16666666666666663,0.7857142857142857,0.3176072526105084,0.0,0.46637934462445585,0.9978193146417446,1.0,0.33823005044589066,instance,informative
1,0.3538461538461539,0.2,0.18727272727272726,0.7142857142857143,0.19942955009777447,0.0,0.4916383933529821,0.9987538940809969,1.0,0.47963580310848336,instance,informative
0,0.725,0.6,0.6363636363636364,0.5357142857142857,0.7511330942800863,0.8,0.5108935149278756,1.0,1.0,-0.7181641495417433,instance,informative
1,0.4294871794871795,0.0,0.2670454545454546,0.75,0.22881013852950122,0.5,0.4722897541773592,0.9959501557632399,1.0,0.44572965236392903,instance,informative
1,0.164983164983165,0.2,0.36363636363636365,0.4642857142857143,0.5405746777519999,0.0,0.48375417616520255,0.9993769470404984,1.0,0.4169783279877463,instance,informative
1,0.20833333333333326,0.2,0.7719298245614035,0.5714285714285714,0.19194812610497508,0.0,0.4902342733548377,0.9996884735202493,1.0,1.4351405425394688,instance,informative
1,0.3833504624871531,0.2,0.2436781609195402,0.8928571428571429,0.2221319228315049,0.0,0.48009919385913735,0.9993769470404984,1.0,0.8540473098507284,instance,informative
1,0.31963190184049073,0.2,0.36363636363636365,0.35714285714285715,0.30417920401819964,0.0,0.48526833618569176,0.9993769470404984,1.0,0.017799667132343884,instance,informative
1,0.09883720930232553,0.6,0.2436781609195402,0.6428571428571429,0.30388977680747836,0.5,0.4914810692061714,0.9996884735202493,1.0,0.9900611666988521,instance,informative
1,0.08333333333333326,0.4,0.2436781609195402,1.0,0.41326349611211544,0.0,0.49193375258616723,0.9993769470404984,1.0,0.26056763991788584,instance,informative
1,0.19338959212376938,0.0,0.5714285714285714,0.39285714285714285,0.13576067982282353,0.0,0.4550669730309129,0.991588785046729,1.0,0.9938315601034582,instance,informative
1,0.0,0.6,0.2436781609195402,0.42857142857142855,0.47282586959516604,0.0,0.4951852564145204,0.9996884735202493,1.0,0.480273794279043,instance,informative
1,0.20752628666297723,0.2,0.2670454545454546,0.5357142857142857,0.29512406671807334,0.0,0.4721197364582802,0.9987538940809969,1.0,0.5267333139711744,instance,informative
0,0.6680327868852459,0.8,0.8333333333333334,0.5,0.7071305193509699,1.0,0.5030972755368417,1.0,1.0,-1.0787938767533771,instance,informative
1,0.26241134751773054,0.0,0.2670454545454546,0.7857142857142857,0.36654859075743795,0.0,0.470838266965556,0.9975077881619938,1.0,0.7286532710991016,instance,informative
1,0.30236220472440944,0.0,0.16666666666666663,0.7857142857142857,0.16620804244193133,0.25,0.46819046484187166,0.9984423676012462,1.0,1.2613414063593482,instance,informative
1,0.2407407407407407,0.2,0.16666666666666663,0.7857142857142857,0.24001948532733552,0.0,0.47939209600821187,0.9993769470404984,1.0,0.8037419281822565,instance,informative
1,0.15333333333333332,0.0,0.326797385620915,0.5714285714285714,0.4280527923704237,0.0,0.47959195088920303,0.9981308411214953,1.0,0.875573614554508,instance,informative
1,0.256656346749226,0.0,0.2329749103942652,0.35714285714285715,0.15476267340069383,0.0,0.4439277997393778,0.9968847352024922,1.0,1.0043193583601702,instance,informative
1,0.23809523809523814,0.0,0.2670454545454546,0.6071428571428571,0.40233725435225753,0.0,0.4632486374339395,0.997196261682243,1.0,0.5401535696523526,instance,informative
1,0.18888888888888888,0.0,0.2670454545454546,0.7857142857142857,0.3113047156538179,0.0,0.4561826070602052,0.9953271028037384,1.0,0.6588148798138206,instance,informative
1,0.24942102825382118,0.2,0.18974358974358974,0.6785714285714286,0.43566499119385727,0.0,0.48940680743406817,0.9993769470404984,1.0,0.7529224612767365,instance,informative
1,0.09023066485753062,0.2,0.2329749103942652,0.32142857142857145,0.298113823817303,0.0,0.48530028624367216,0.9996884735202493,1.0,0.5817226677409606,instance,informative
1,0.1685531496062992,0.0,0.2436781609195402,0.8928571428571429,0.1739383626339075,0.1111111111111111,0.4396481234704144,0.9962616822429906,1.0,1.3254839543224635,instance,informative
1,0.10892857142857149,0.2,0.2436781609195402,0.39285714285714285,0.32885555770804764,0.0,0.47695427566368176,0.9990654205607477,1.0,0.4552074283921332,instance,informative
1,0.2160737812911726,0.2,0.18727272727272726,0.7142857142857143,0.5274369527934284,0.25,0.5040699001525997,1.0,1.0,0.5149349314106147,instance,informative
1,0.184640522875817,0.4,0.36363636363636365,0.5,0.3003102893746137,1.0,0.5013546026764111,1.0,1.0,0.510104093627742,instance,informative
1,0.20752628666297723,0.0,0.18974358974358974,0.6785714285714286,0.21127488847188608,0.0,0.46544881927021886,0.9975077881619938,1.0,0.41661092111921616,instance,informative
1,0.2862985685071575,0.4,0.2436781609195402,0.6428571428571429,0.4231168480844344,0.0,0.49380294292597016,0.9996884735202493,1.0,0.6180704016075907,instance,informative
1,0.2655038759689923,0.0,0.18974358974358974,0.5357142857142857,0.475954013381095,0.0,0.47486689223146583,0.9984423676012462,1.0,0.3491071914067237,instance,informative
1,0.30601092896174864,0.0,0.2436781609195402,0.8928571428571429,0.38757108491480163,0.0,0.46894588998300624,0.9962616822429906,1.0,1.1914411058627972,instance,informative
0,0.5867346938775511,0.8,0.4727272727272728,0.4642857142857143,0.7592358063912792,1.0,0.501901174016957,1.0,1.0,-1.0519299166566434,instance,informative
1,0.3119218910585817,0.0,0.18974358974358974,0.6785714285714286,0.2119554243078371,0.0,0.47748727541691116,0.9975077881619938,1.0,0.21359758523563557,instance,informative
1,0.23983739837398377,0.0,0.2329749103942652,0.6071428571428571,0.1483704201485896,0.0,0.46115715256938294,0.997196261682243,1.0,0.47583960461362507,instance,informative
1,0.19615384615384612,0.0,0.7719298245614035,0.42857142857142855,0.25979889733764805,0.125,0.47085834259507564,0.9984423676012462,1.0,0.9474162210486802,instance,informative
1,0.2928571428571429,0.0,0.2436781609195402,0.8928571428571429,0.16927316823427768,0.0,0.47645214569095773,0.9975077881619938,0.975,0.8373925515418403,instance,informative
0,0.7371794871794872,0.6,0.24637681159420288,0.6071428571428571,0.783468623529559,1.0,0.5096580020873835,1.0,1.0,-0.33823284460948827,instance,informative
1,0.36906474820143886,0.2,0.2436781609195402,0.39285714285714285,0.320572704761919,0.0,0.48442345933594455,0.9987538940809969,1.0,0.5191520597727778,instance,informative
0,0.8507718696397941,0.8,0.7329545454545454,0.5,0.571578638641533,0.5,0.5077531563518658,1.0,1.0,-0.30697295105280303,instance,informative
1,0.18550368550368546,0.6,0.36363636363636365,0.4642857142857143,0.26111219960673226,0.0,0.46682426327964677,0.9996884735202493,1.0,0.21933588575124277,instance,informative
1,0.26225490196078427,0.6,0.5272727272727273,0.4642857142857143,0.31835350376284965,0.0,0.4966407387945161,0.9993769470404984,1.0,0.3938017578022484,instance,informative
1,0.17352941176470593,0.0,0.18974358974358974,0.5357142857142857,0.24800947243835247,0.0,0.47745938199803595,0.997196261682243,0.975,0.3734886178919367,instance,informative
1,0.26436781609195403,0.4,0.2436781609195402,0.8928571428571429,0.30294711865391644,0.42857142857142855,0.43112874542233315,0.9996884735202493,1.0,0.5794433699383842,instance,informative
1,0.14588377723970947,0.2,0.2436781609195402,0.8928571428571429,0.2285148617815989,0.0,0.48589308901808737,0.9993769470404984,1.0,0.8251752723877741,instance,informative
1,0.26241134751773054,0.2,0.2670454545454546,0.7857142857142857,0.21206994508095534,0.2,0.5041954697737085,1.0,1.0,0.8183202296214572,instance,informative
1,0.30236220472440944,0.4,0.18974358974358974,0.6785714285714286,0.24252222435336696,1.0,0.5046720595383711,1.0,1.0,1.3110315544755384,instance,informative
0,0.8837953091684435,1.0,0.5763546798029557,0.6785714285714286,0.7555262188753594,1.0,0.5190212333635131,1.0,0.975,-1.4463994696524138,instance,informative
1,0.11904761904761907,0.0,0.2329749103942652,0.5,0.15617289682979923,0.0,0.481487747259847,0.9975077881619938,1.0,1.0350923230494615,instance,informative
1,0.14102564102564097,0.0,0.48888888888888893,0.4642857142857143,0.19283544006431186,0.0,0.44382830836575526,0.9931464174454828,1.0,0.9368895309026672,instance,informative
1,0.19551282051282048,0.4,0.2436781609195402,0.8928571428571429,0.353708622661765,0.3333333333333333,0.5120184031370447,1.0,1.0,0.29015113694487354,instance,informative
1,0.270440251572327,0.0,0.2670454545454546,0.7857142857142857,0.24879091388114627,0.0,0.4484602007533264,0.9978193146417446,1.0,0.6033507494767363,instance,informative
1,0.07317073170731714,0.2,0.326797385620915,0.5714285714285714,0.2658034485008701,0.0,0.4734868915742787,0.9987538940809969,1.0,0.9894894733908124,instance,informative
1,0.28205128205128205,0.0,0.7840909090909091,0.21428571428571427,0.5301088120498991,0.0,0.4628945299010174,0.9953271028037384,1.0,1.0041937096513347,instance,informative
1,0.3339176161262051,0.2,0.18974358974358974,0.6785714285714286,0.44014273798693093,0.0,0.4990688625335725,0.9996884735202493,1.0,0.05056003896283431,instance,informative
1,0.26344086021505375,0.6,0.2436781609195402,0.8928571428571429,0.15770808543203413,1.0,0.5165326045072882,1.0,0.975,0.6101438560165524,instance,informative
0,0.6976377952755906,0.6,0.4727272727272728,0.4642857142857143,0.5587900725305665,1.0,0.5189180050728546,1.0,1.0,-0.4225797092427126,instance,informative
1,0.38,0.6,0.18727272727272726,0.6071428571428571,0.2854498980385515,1.0,0.5270485689847884,1.0,0.975,0.3989604810365196,instance,informative
1,0.07317073170731714,0.4,0.2436781609195402,0.5,0.24329438928325142,1.0,0.5048339635485735,1.0,0.975,0.6428371162281771,instance,informative
1,0.26248904469763357,0.0,0.2436781609195402,0.8928571428571429,0.3199610812314432,0.25,0.4795232268841362,0.9975077881619938,1.0,0.8612854494802706,instance,informative
1,0.07051282051282048,0.0,0.5272727272727273,0.6071428571428571,0.3675557624261715,0.0,0.43620594531313595,0.9909657320872274,1.0,0.8192854891248104,instance,informative
0,0.7927215189873418,0.6,0.24637681159420288,0.6071428571428571,0.8404236500537371,0.5,0.5188445204073648,1.0,1.0,-1.246586598552809,instance,informative
1,0.2240740740740741,0.0,0.16666666666666663,0.8571428571428571,0.5198181632836247,0.0,0.4601244726570023,0.9984423676012462,1.0,0.15046362403964036,instance,informative
1,0.059523809523809534,0.2,0.2329749103942652,0.35714285714285715,0.30667886964335567,1.0,0.5148073417366362,1.0,1.0,0.5411447106868154,instance,informative
1,0.11321721311475408,0.0,0.18727272727272726,0.7142857142857143,0.4343055034184491,0.0,0.4784058964436321,0.9984423676012462,1.0,0.025205953896882714,instance,informative
1,0.09023066485753062,0.2,0.2670454545454546,0.75,0.4553924798433293,0.0,0.4911763364581504,0.9987538940809969,1.0,0.6642731142697916,instance,informative
1,0.40578817733990147,0.6,0.2436781609195402,0.6071428571428571,0.598389315338893,1.0,0.5666445861647129,1.0,1.0,0.005857831763991458,instance,informative
1,0.24463190184049077,0.2,0.2436781609195402,0.8928571428571429,0.31471035338756204,0.0,0.48431222113291517,0.9993769470404984,1.0,0.49085696013494007,instance,informative
1,0.1777777777777778,0.2,0.7719298245614035,0.5714285714285714,0.5812568039916338,0.5,0.5111113545759021,1.0,1.0,0.21039292324002107,instance,informative
1,0.11604774535809015,0.2,0.18727272727272726,0.7142857142857143,0.22324733652799866,0.0,0.4814987237805767,0.9987538940809969,1.0,1.3237881550578738,instance,informative
0,0.8677215189873417,1.0,0.8127272727272727,0.5714285714285714,0.8243589212567574,1.0,0.5412858318374245,1.0,1.0,-1.114116399243003,instance,informative
1,0.14901477832512322,0.0,0.18666666666666665,0.5,0.17690070168221583,0.0,0.4646947754451477,0.9962616822429906,1.0,0.6134758108413152,instance,informative
1,0.04477611940298509,0.0,0.2436781609195402,0.8928571428571429,0.41761564119793826,0.0,0.45961354162995893,0.9984423676012462,0.975,0.1639925686221234,instance,informative
0,0.7510548523206751,1.0,0.673202614379085,0.5357142857142857,0.7339369093857068,1.0,0.5594204567948108,1.0,1.0,-0.38396112035796287,instance,informative
1,0.07777777777777772,0.2,0.7719298245614035,0.42857142857142855,0.19554650822456887,0.0,0.4891136373126279,0.9990654205607477,1.0,1.0480893725244822,instance,informative
0,0.661734693877551,1.0,0.7329545454545454,0.4642857142857143,0.7234673527240348,1.0,0.5367239018422162,1.0,1.0,-0.9097937539381541,instance,informative
1,0.17480314960629917,0.2,0.39682539682539686,0.39285714285714285,0.20212720711755316,0.0,0.47897655265598194,0.9993769470404984,1.0,0.9306337458391017,instance,informative
1,0.23897058823529416,0.0,0.18727272727272726,0.7142857142857143,0.31817519841662456,0.0,0.4633193390531136,0.9975077881619938,1.0,0.6191345706948129,instance,informative
1,0.4504310344827587,0.2,0.2670454545454546,0.7857142857142857,0.3847635772995923,0.0,0.49566341538203584,0.9996884735202493,1.0,0.052860860495238526,instance,informative
1,0.26225490196078427,0.0,0.326797385620915,0.5714285714285714,0.4709437246759979,0.0,0.47245146440265584,0.9975077881619938,1.0,0.2708324602252168,instance,informative
1,0.12698412698412698,0.0,0.18727272727272726,0.75,0.1404067536103379,0.14285714285714285,0.4825259707070514,0.997196261682243,1.0,1.5420694133573465,instance,informative
1,0.2862985685071575,0.6,0.2329749103942652,0.4642857142857143,0.15727788559988776,1.0,0.5285178563509122,1.0,0.975,1.0061811502686229,instance,informative
0,0.7233333333333334,0.8,0.24637681159420288,0.5714285714285714,0.8207579089081163,1.0,0.5106263659974497,1.0,1.0,-0.5871068685652914,instance,informative
1,0.12142857142857144,0.4,0.2329749103942652,0.6785714285714286,0.2271483331943781,0.0,0.4996126798646453,0.9996884735202493,1.0,0.8759746038652861,instance,informative
1,0.1822784810126582,0.0,0.2329749103942652,0.32142857142857145,0.2022581533759918,0.0,0.48493613030995375,0.9978193146417446,1.0,0.6538327570858115,instance,informative
1,0.1821705426356589,0.0,0.16666666666666663,0.8571428571428571,0.27435809928017696,0.0,0.4553913907971252,0.9965732087227415,1.0,0.46424618623182584,instance,informative
1,0.3775100401606426,0.2,0.48888888888888893,0.4642857142857143,0.3122294466353348,0.0,0.49854589081793954,0.9996884735202493,1.0,1.0785054324727619,instance,informative
0,0.5370689655172414,1.0,0.8102564102564103,0.5,0.7394455282202209,1.0,0.532571471800008,1.0,1.0,-0.8801716139307044,instance,informative
1,0.07971014492753625,0.0,0.2329749103942652,0.5357142857142857,0.20354865069148043,0.0,0.4669301633573686,0.9978193146417446,1.0,0.54819636013619,instance,informative
1,0.24456521739130432,0.0,0.18727272727272726,0.8214285714285714,0.3260121520943261,0.25,0.47711516134469933,0.9978193146417446,1.0,0.7451519029615096,instance,informative
0,0.8184523809523809,1.0,0.8102564102564103,0.5357142857142857,0.522038744973452,1.0,0.5265782464402402,1.0,1.0,-0.3392899354417675,instance,informative
1,0.31084337349397595,0.0,0.7719298245614035,0.5714285714285714,0.24767875343560075,0.0,0.4623412611032871,0.9978193146417446,1.0,0.4317563746358528,instance,informative
0,0.5809352517985611,1.0,0.7563218390804598,0.5357142857142857,0.6640853664443983,1.0,0.5376175421744165,1.0,1.0,-0.3069755926857985,instance,informative
1,0.28661616161616155,0.2,0.2670454545454546,0.7857142857142857,0.3477996475082511,0.3333333333333333,0.5198377044764255,1.0,1.0,0.8891270921522737,instance,informative
1,0.1529652351738241,0.0,0.2436781609195402,0.8928571428571429,0.2623677975827774,0.0,0.4701194139601601,0.9953271028037384,1.0,0.9413734823781449,instance,informative
0,0.760655737704918,1.0,0.6363636363636364,0.39285714285714285,0.6007438327418123,1.0,0.5529144981076763,1.0,1.0,-0.7289946844313864,instance,informative
0,0.7619047619047619,0.6,0.21590909090909094,0.32142857142857145,0.37064158386760987,0.0,0.49338185706565063,0.9994407158836689,1.0,-0.91487632427816,instance,informative
1,0.07777777777777772,0.0,0.18666666666666665,0.5,0.33444936849848705,0.0,0.4553351228005603,0.9962616822429906,1.0,0.38896024326060846,instance,informative
0,0.65,0.4,0.8127272727272727,0.5714285714285714,0.6058870277486181,1.0,0.5075727018782789,1.0,1.0,-0.8009175316682844,instance,informative
1,0.0714285714285714,0.2,0.2670454545454546,0.7857142857142857,0.2158301271575711,0.0,0.4758714639643665,0.9993769470404984,1.0,0.781440918242654,instance,informative
1,0.19338959212376938,0.2,0.18727272727272726,0.7142857142857143,0.23014045309514808,1.0,0.5073976429511742,1.0,0.975,1.234729292964913,instance,informative
1,0.2116161616161616,0.4,0.2329749103942652,0.35714285714285715,0.2950552479728995,0.3333333333333333,0.4816106449433104,0.9993769470404984,1.0,0.6339667328649092,instance,informative
1,0.14102564102564097,0.0,0.2329749103942652,0.35714285714285715,0.18760816002736114,0.0,0.47560166490137534,0.9962616822429906,1.0,0.6176620234495974,instance,informative
1,0.10844155844155845,0.0,0.7719298245614035,0.5714285714285714,0.23159805416221463,0.0,0.48070051070359865,0.9962616822429906,1.0,0.7756911841249637,instance,informative
1,0.2655038759689923,0.2,0.2436781609195402,1.0,0.1575785584259527,0.0,0.4819624558564741,0.9996884735202493,1.0,0.4547074454684126,instance,informative
1,0.24040920716112535,0.2,0.2329749103942652,0.5714285714285714,0.23435732175657137,0.0,0.48548115476152975,0.9990654205607477,1.0,0.9226848366223088,instance,informative
0,0.68,1.0,0.5111111111111111,0.5,0.4223455436714594,1.0,0.5266557340634892,1.0,1.0,-0.1452975136579559,instance,informative
1,0.025000000000000022,0.2,0.2329749103942652,0.2857142857142857,0.14721715152545917,0.0,0.4875418613368422,0.9987538940809969,0.975,1.3463394573806446,instance,informative
1,0.0,0.2,0.6852791878172588,0.39285714285714285,0.1501820522372923,0.0,0.4881798243998057,0.9993769470404984,0.975,0.9517997287211692,instance,informative
1,0.16963190184049082,0.2,0.18974358974358974,0.7142857142857143,0.3604136819498835,0.0,0.477574611557933,0.9990654205607477,1.0,0.3457810330289098,instance,informative
0,0.8309711286089239,1.0,0.7563218390804598,0.7142857142857143,0.6157931425175628,1.0,0.5330668741543678,1.0,1.0,-0.4661631730998444,instance,informative
1,0.21717171717171713,0.0,0.36363636363636365,0.32142857142857145,0.5310436998034006,0.0,0.4775000916174733,0.9978193146417446,1.0,-0.03399405256572146,instance,informative
1,0.09558823529411764,0.0,0.2329749103942652,0.35714285714285715,0.4612228109724974,0.0,0.47860365661046567,0.9975077881619938,1.0,0.6856349503633961,instance,informative
1,0.2940647482014389,0.0,0.2436781609195402,0.5,0.23201748451465604,0.0,0.4787321301390455,0.9984423676012462,1.0,0.18525584927132796,instance,informative
1,0.12872628726287272,0.0,0.16666666666666663,0.7857142857142857,0.23930334136188058,0.0,0.4566749970949098,0.9922118380062306,1.0,1.3474255417431227,instance,informative
1,0.13183060109289624,0.0,0.326797385620915,0.5714285714285714,0.6015389292067926,0.0,0.4788234906805342,0.9984423676012462,1.0,0.5530475237726711,instance,informative
1,0.17462422634836428,0.2,0.18727272727272726,0.6428571428571429,0.3731594913143792,0.0,0.48809373446697335,0.9987538940809969,1.0,0.1687947455832415,instance,informative
1,0.13227848101265827,0.0,0.2436781609195402,0.8928571428571429,0.1669000752943699,0.0,0.45955133435590134,0.9978193146417446,1.0,0.6648292355542674,instance,informative
1,0.17462422634836428,0.2,0.18727272727272726,0.7142857142857143,0.1795920530536395,0.0,0.4515247510673712,0.9987538940809969,1.0,0.8006164396261157,instance,informative
1,0.2684210526315789,0.4,0.25,0.17857142857142858,0.4998737992046892,0.0,0.4910499731096717,0.9993769470404984,1.0,0.896649197994629,instance,informative
0,0.7344961240310077,0.6,0.7563218390804598,0.5714285714285714,0.8015609861233475,1.0,0.5029481221193282,1.0,1.0,-0.9330502298029715,instance,informative
1,0.19316239316239314,0.0,0.2436781609195402,0.39285714285714285,0.31840315647852907,0.16666666666666666,0.4707678810337895,0.997196261682243,1.0,0.8849503524072089,instance,informative
0,0.7133838383838383,1.0,0.8127272727272727,0.42857142857142855,0.7328837881945981,1.0,0.5074540029688599,1.0,1.0,-0.6748494391826965,instance,informative
1,0.17142857142857149,0.4,0.2670454545454546,0.7857142857142857,0.19454514401287393,0.0,0.48599995833819165,0.9993769470404984,1.0,1.3738856955211387,instance,informative
1,0.16963190184049082,0.2,0.2436781609195402,0.75,0.3256095004908044,0.0,0.477561961595536,0.9993769470404984,1.0,0.7390646322148505,instance,informative
0,0.6536796536796536,0.8,0.7563218390804598,0.5714285714285714,0.7160559526252799,1.0,0.5178212239612456,1.0,1.0,-0.4556141698081669,instance,informative
1,0.0714285714285714,0.2,0.2329749103942652,0.5357142857142857,0.3628291642715603,0.0,0.46581399918878574,0.9987538940809969,1.0,0.58580905561741,instance,informative
1,0.13227848101265827,0.2,0.2329749103942652,0.6785714285714286,0.14497454013192707,0.0,0.4881533876580948,0.9996884735202493,1.0,0.9138051145418149,instance,informative
1,0.18550368550368546,0.0,0.2329749103942652,0.5,0.30681012854731937,0.0,0.4733779356837623,0.9975077881619938,1.0,0.5110522084658997,instance,informative
0,0.7169117647058824,1.0,0.673202614379085,0.42857142857142855,0.580063504350464,0.75,0.5476917613435996,1.0,1.0,-0.1764980329515336,instance,informative
1,0.24040920716112535,0.4,0.2329749103942652,0.2857142857142857,0.2526922510556503,0.0,0.4909496357212222,0.9996884735202493,1.0,1.1163031633410971,instance,informative
1,0.30236220472440944,0.6,0.2436781609195402,0.8928571428571429,0.44246735992299746,0.25,0.4975714116231923,0.9996884735202493,1.0,0.37518019035953076,instance,informative
1,0.3840579710144928,0.6,0.2670454545454546,0.7857142857142857,0.6030282436220923,0.2,0.49462799827039394,0.9996884735202493,1.0,-0.21240834150837723,instance,informative
1,0.045454545454545414,0.2,0.16666666666666663,0.7857142857142857,0.273478475053027,0.0,0.46499690463216037,0.9987538940809969,1.0,0.9764321155633677,instance,informative
1,0.20788530465949817,0.2,0.2436781609195402,0.8928571428571429,0.25716820229614246,0.3333333333333333,0.49999896976235336,0.9996884735202493,1.0,0.26351539208316693,instance,informative
1,0.13752276867030966,0.0,0.48888888888888893,0.6785714285714286,0.19990771339090074,0.0,0.4834722129129603,0.9984423676012462,1.0,0.9428975732078159,instance,informative
1,0.09883720930232553,0.4,0.18727272727272726,0.6071428571428571,0.1527308780281777,1.0,0.507026746392317,1.0,1.0,0.5219562988184463,instance,informative
0,0.6971153846153846,0.8,0.673202614379085,0.5,0.738615464987193,0.7142857142857143,0.5102765058011681,1.0,1.0,-0.6540526446541427,instance,informative
0,0.7315789473684211,0.8,0.7670250896057348,0.5357142857142857,0.7749266223572308,1.0,0.5054706160194984,1.0,1.0,-0.4149001327564558,instance,informative
1,0.125,0.4,0.2436781609195402,0.8928571428571429,0.2019330979505532,0.0,0.46538352721663534,0.9993769470404984,0.975,0.22078499862276776,instance,informative
0,0.8166666666666667,0.8,0.8127272727272727,0.5,0.7795257348710829,1.0,0.506541950514757,1.0,1.0,-0.7916343604666943,instance,informative
1,0.045454545454545414,0.0,0.2436781609195402,0.8928571428571429,0.15702097879624072,0.0,0.46905491298698687,0.9981308411214953,1.0,0.9778918003075563,instance,informative
1,0.08227848101265822,0.2,0.2329749103942652,0.2857142857142857,0.15659460073601583,0.0,0.4905616164939165,0.9990654205607477,1.0,1.4322681725654722,instance,informative
1,0.07407407407407407,0.0,0.2329749103942652,0.5357142857142857,0.14715104971551496,0.0,0.4744120714168254,0.9978193146417446,1.0,1.3147163776016904,instance,informative
1,0.0901639344262295,0.0,0.18974358974358974,0.6785714285714286,0.2372295901102116,0.0,0.47804020032576944,0.9965732087227415,1.0,0.7934486057197636,instance,informative
1,0.1821705426356589,0.2,0.2329749103942652,0.6785714285714286,0.1589205144529089,0.0,0.4619346074173132,0.9993769470404984,1.0,1.0552846745819067,instance,informative
1,0.26436781609195403,0.4,0.18727272727272726,0.6428571428571429,0.1443058394380668,1.0,0.5321679284453443,1.0,1.0,0.4953792302997619,instance,informative
1,0.0,0.2,0.36363636363636365,0.5,0.3271047012463028,0.0,0.49084442171203957,0.9987538940809969,1.0,0.6992063213684323,instance,informative
1,0.09883720930232553,0.2,0.18727272727272726,0.7142857142857143,0.18176164755114976,0.0,0.47581309367902647,0.9993769470404984,1.0,1.1787867488761121,instance,informative
1,0.08196721311475408,0.0,0.18727272727272726,0.7142857142857143,0.2053523697748214,0.0,0.46333158472634595,0.9981308411214953,1.0,0.8046208079067872,instance,informative
1,0.21084337349397586,0.2,0.326797385620915,0.5357142857142857,0.3652257681498493,0.0,0.4636913508635345,0.9993769470404984,1.0,0.36351251762775255,instance,informative
1,0.20727848101265822,0.4,0.18666666666666665,0.5,0.14030172088652026,0.0,0.48265613607698177,0.9996884735202493,1.0,1.6076457676926137,instance,informative
0,0.9116379310344828,1.0,0.7670250896057348,0.2857142857142857,0.7534296154093578,1.0,0.5333195289641678,1.0,1.0,-0.5298895625582802,instance,informative
1,0.10236220472440949,0.4,0.18974358974358974,0.5357142857142857,0.3789154226988076,0.0,0.4374371100918901,0.9993769470404984,1.0,-0.0755443922465387,instance,informative
1,0.07777777777777772,0.2,0.18727272727272726,0.7142857142857143,0.15834958046939251,0.3333333333333333,0.4793643378993523,0.9996884735202493,1.0,1.5466833949831826,instance,informative
1,0.07407407407407407,0.0,0.2329749103942652,0.5357142857142857,0.2291378966023111,0.0,0.4658277567505601,0.9968847352024922,1.0,0.7208059936348584,instance,informative
1,0.09770114942528729,0.0,0.36363636363636365,0.5,0.20680056896801924,0.0,0.48249734009550116,0.9984423676012462,0.975,0.215876726644214,instance,informative
0,0.6565656565656566,0.6,0.7670250896057348,0.5,0.8080539940084355,1.0,0.5243862352403473,1.0,1.0,-0.9720860874381562,instance,informative
0,0.41666666666666663,1.0,0.8333333333333334,0.39285714285714285,0.608890283281213,1.0,0.5204643655573643,1.0,1.0,-0.9685425725869992,instance,informative
0,0.717948717948718,1.0,0.13559322033898302,0.17857142857142858,0.570928530899228,1.0,0.5593103557731758,1.0,1.0,-1.0469867157703143,instance,informative
1,0.16955266955266957,0.4,0.2670454545454546,0.7857142857142857,0.22780529693000962,0.4,0.5149060582178746,1.0,1.0,1.2469506280757514,instance,informative
1,0.04477611940298509,0.2,0.2670454545454546,0.7857142857142857,0.3005530189265143,0.0,0.48188567607909016,0.9987538940809969,1.0,0.08447560312908342,instance,informative
0,0.8264705882352941,0.8,0.5763546798029557,0.5357142857142857,0.7620632493238657,0.6666666666666666,0.5064398908426682,1.0,1.0,-0.8490449473739561,instance,informative
1,0.17349726775956276,0.4,0.2329749103942652,0.6071428571428571,0.1691378932177926,0.5,0.5018862046669139,1.0,1.0,1.125956683345721,instance,informative
1,0.11956521739130432,0.0,0.18974358974358974,0.6071428571428571,0.2290469653040677,0.0,0.4817098962842442,0.9984423676012462,1.0,0.7983279913885273,instance,informative
1,0.270440251572327,0.4,0.2670454545454546,0.6071428571428571,0.4112640359431686,1.0,0.5034154078365369,1.0,1.0,0.8435524690118833,instance,informative
1,0.17051282051282057,0.0,0.16666666666666663,0.7857142857142857,0.3337383901904137,0.5,0.46123165856245985,0.9965732087227415,1.0,0.23661193513063736,instance,informative
1,0.11904761904761907,0.2,0.2436781609195402,0.8928571428571429,0.5938338087249964,0.0,0.48992965916801356,0.9987538940809969,1.0,0.11034008459134922,instance,informative
1,0.0,0.0,0.2436781609195402,1.0,0.16294882142474937,0.0,0.4795620601074275,0.9984423676012462,1.0,0.5797421386256182,instance,informative
1,0.1333333333333333,0.2,0.2670454545454546,0.75,0.12770676629305688,0.0,0.4835535995751572,0.9990654205607477,0.975,1.29290364602184,instance,informative
0,0.5705128205128205,0.8,0.7563218390804598,0.39285714285714285,0.7714362260527294,1.0,0.5274840289149962,1.0,1.0,-0.8046485710557887,instance,informative
1,0.21906474820143884,0.0,0.326797385620915,0.5,0.3978497667540082,0.0,0.45909394169635265,0.9959501557632399,1.0,0.5604007802193884,instance,informative
1,0.025862068965517238,0.0,0.18727272727272726,0.75,0.19294506613099577,0.0,0.4845634666868065,0.9965732087227415,0.975,0.4528763474846917,instance,informative
1,0.19338959212376938,0.0,0.2329749103942652,0.6785714285714286,0.15595288287304854,0.3333333333333333,0.4707933211535169,0.9978193146417446,1.0,0.3953485397370992,instance,informative
0,0.7970347648261759,0.8,0.7563218390804598,0.8928571428571429,0.802905864039469,1.0,0.5539485825734768,1.0,1.0,-0.6867123706343089,instance,informative
1,0.21963190184049075,0.2,0.2436781609195402,0.5357142857142857,0.4726155988309223,0.0,0.49392268360844327,0.9996884735202493,1.0,0.5632028728744296,instance,informative
1,0.09558823529411764,0.0,0.2436781609195402,0.5357142857142857,0.29567055911095996,0.0,0.4673073863651104,0.9984423676012462,1.0,0.5559727462338098,instance,informative
1,0.20833333333333326,0.2,0.18666666666666665,0.5,0.37100973782567215,0.3333333333333333,0.4853057825071905,0.9996884735202493,1.0,0.5672175563723616,instance,informative
0,0.858974358974359,0.8,0.8127272727272727,0.5357142857142857,0.47531182177516207,0.6666666666666666,0.5196509981707735,1.0,1.0,-0.6970199833974076,instance,informative
0,0.7592592592592593,1.0,0.7670250896057348,0.32142857142857145,0.7754802158814676,1.0,0.5637313934501461,1.0,1.0,-0.5839340826188779,instance,informative
1,0.0,0.0,0.2436781609195402,0.39285714285714285,0.1622376624248254,0.0,0.4833997337882471,0.9984423676012462,1.0,0.9332754200660262,instance,informative
1,0.07407407407407407,0.0,0.18727272727272726,0.7142857142857143,0.1618638689018913,0.0,0.46063958023034923,0.997196261682243,1.0,1.2135080366528426,instance,informative
1,0.2240740740740741,0.2,0.36363636363636365,0.5,0.390088831125443,0.5,0.5130137383404673,1.0,1.0,0.9243549685234315,instance,informative
1,0.13301282051282048,0.0,0.18727272727272726,0.7142857142857143,0.3315112589328151,0.3333333333333333,0.46620493424125364,0.9968847352024922,1.0,0.43245881746587783,instance,informative
1,0.26436781609195403,0.0,0.2436781609195402,1.0,0.2449285016798715,0.0,0.4661474224583929,0.997196261682243,1.0,1.0861118986573723,instance,informative
1,0.1821705426356589,0.2,0.16666666666666663,0.7857142857142857,0.49500544996044227,0.0,0.48046600827348585,0.9993769470404984,1.0,0.4629999137052759,instance,informative
1,0.21084337349397586,0.2,0.2329749103942652,0.2857142857142857,0.5188875128621745,0.0,0.4728806390422696,0.9993769470404984,0.975,-0.15755896822992566,instance,informative
1,0.15217391304347827,0.0,0.2329749103942652,0.2857142857142857,0.343686959996375,0.0,0.45069242980422697,0.9959501557632399,1.0,0.9016674359622977,instance,informative
1,0.10952380952380958,0.4,0.4236453201970444,0.4642857142857143,0.22215995483679774,1.0,0.503276254234371,1.0,1.0,0.6460308606186975,instance,informative
1,0.11604774535809015,0.4,0.2329749103942652,0.2857142857142857,0.3057175290411994,0.0,0.4821307749282403,0.9993769470404984,1.0,0.3899672765831303,instance,informative
0,0.7344961240310077,0.6,0.7670250896057348,0.5357142857142857,0.8622852281082496,0.0,0.4882685787618247,0.9994407158836689,0.975,-0.8851484357625827,instance,informative
1,0.21016949152542375,0.2,0.16666666666666663,0.8571428571428571,0.18146127398736622,0.0,0.48389756431778974,0.9993769470404984,1.0,1.3942763041763895,instance,informative
1,0.16955266955266957,0.0,0.4236453201970444,0.7142857142857143,0.49463185602625026,0.0,0.46692255915866043,0.9962616822429906,1.0,0.7556110000719912,instance,informative
0,0.7804347826086957,0.8,0.8102564102564103,0.5357142857142857,0.7691619381478296,1.0,0.5125256276331658,1.0,1.0,-0.41798598748214105,instance,informative
1,0.12810945273631846,0.4,0.326797385620915,0.5357142857142857,0.4077343549063418,0.5,0.48673325199455475,0.9990654205607477,1.0,1.0377794352650174,instance,informative
1,0.16758241758241765,0.2,0.2329749103942652,0.2857142857142857,0.12396297505414983,0.0,0.476239712898874,0.9996884735202493,0.975,1.8056612560031908,instance,informative
1,0.09883720930232553,0.0,0.2670454545454546,0.7857142857142857,0.2630371104999901,0.0,0.48394397360464125,0.9984423676012462,1.0,0.809971574643736,instance,informative
1,0.35370051635111877,0.2,0.2436781609195402,0.6428571428571429,0.2539498825792626,0.0,0.49001456220119033,0.9987538940809969,1.0,1.0253156179306608,instance,informative
1,0.1529652351738241,0.0,0.4236453201970444,0.4642857142857143,0.21027529610488765,0.0,0.4650325130063945,0.9978193146417446,1.0,1.1555126635382227,instance,informative
1,0.201844262295082,0.2,0.2436781609195402,0.8928571428571429,0.2632806129021228,0.0,0.47725693645022493,0.9990654205607477,1.0,1.181773322267549,instance,informative
1,0.36906474820143886,0.2,0.7536231884057971,0.39285714285714285,0.341587368378407,0.0,0.44049195880896586,0.9987538940809969,0.975,0.9194269824336192,instance,informative
1,0.33333333333333337,0.2,0.2329749103942652,0.35714285714285715,0.4834432725570508,1.0,0.5194039753923192,1.0,1.0,0.12519721730555644,instance,informative
1,0.14177489177489178,0.0,0.18727272727272726,0.7142857142857143,0.18462891947898596,0.0,0.4483440616493569,0.9881619937694704,1.0,0.9360054764583021,instance,informative
1,0.14016393442622954,0.2,0.2436781609195402,0.5357142857142857,0.15946311644206607,0.0,0.48334707653426334,0.9987538940809969,1.0,1.0823202796525804,instance,informative
0,0.625,0.8,0.673202614379085,0.5,0.41625927003540664,1.0,0.5124398089086613,1.0,1.0,-0.055159701263936906,instance,informative
1,0.07480314960629919,0.2,0.2436781609195402,0.8928571428571429,0.2837429075976664,0.5,0.5162478930725882,1.0,1.0,0.9083948322970878,instance,informative
1,0.3879310344827587,0.2,0.18727272727272726,0.6428571428571429,0.14493953091887868,1.0,0.5037437944506563,1.0,1.0,0.7128802239829136,instance,informative
1,0.26241134751773054,0.0,0.36363636363636365,0.5,0.4617583788863727,0.0,0.46377986492583434,0.9975077881619938,1.0,0.9090681692020268,instance,informative
1,0.17462422634836428,0.4,0.2670454545454546,0.7857142857142857,0.1395854940954253,1.0,0.5068669341956329,1.0,1.0,1.2251879412537428,instance,informative
1,0.14016393442622954,0.6,0.2329749103942652,0.6785714285714286,0.16970608180405755,1.0,0.5171322947363766,1.0,1.0,0.7061309280185567,instance,informative
1,0.20696721311475408,0.0,0.18727272727272726,0.7142857142857143,0.42695515282147767,0.0,0.47282089957375617,0.9975077881619938,1.0,0.6686552007663529,instance,informative
1,0.13095238095238093,0.4,0.18974358974358974,0.6071428571428571,0.3246466641734357,0.0,0.4905672055029845,0.9996884735202493,1.0,0.8662331776855935,instance,informative
1,0.050000000000000044,0.2,0.2329749103942652,0.5357142857142857,0.14852966083371688,0.0,0.4897996809311358,0.9990654205607477,1.0,0.3277198617297017,instance,informative
1,0.2582417582417582,0.0,0.326797385620915,0.5714285714285714,0.16224071908200383,0.0,0.4878042948827571,0.997196261682243,1.0,0.8983193692440964,instance,informative
1,0.19770114942528738,0.0,0.18666666666666665,0.5,0.14481286403468724,0.0,0.48094214767029486,0.9978193146417446,1.0,1.077739012512399,instance,informative
1,0.23809523809523814,0.4,0.18727272727272726,0.75,0.21417559191951385,1.0,0.5194139339579606,1.0,1.0,0.7452460499494149,instance,informative
1,0.0957446808510638,0.0,0.2670454545454546,0.6071428571428571,0.3163054106066522,0.0,0.4748116114628719,0.9984423676012462,1.0,0.7465096722808143,instance,informative
1,0.1821705426356589,0.2,0.18727272727272726,0.7142857142857143,0.16820800036807643,0.0,0.4794257458222013,0.9987538940809969,1.0,0.08337122985394989,instance,informative
1,0.08196721311475408,0.0,0.18974358974358974,0.6785714285714286,0.6201167814809608,0.0,0.46286788412950175,0.9968847352024922,0.975,-0.07770834328386599,instance,informative
1,0.40578817733990147,0.2,0.2670454545454546,0.5,0.45230513163455666,0.0,0.47741546947292257,0.9987538940809969,1.0,0.6652090286062246,instance,informative
1,0.07971014492753625,0.0,0.2436781609195402,0.39285714285714285,0.5333575991082514,0.0,0.45574717938862486,0.9984423676012462,1.0,0.14354618052723767,instance,informative
1,0.275,0.2,0.18727272727272726,0.6071428571428571,0.25406771115020066,0.0,0.48748290154131224,0.9987538940809969,1.0,0.7600867263373973,instance,informative
1,0.17948717948717952,0.0,0.36363636363636365,0.5,0.23763562398521676,0.0,0.46765901154235556,0.9981308411214953,1.0,0.4869775955766695,instance,informative
1,0.18194600674915629,0.0,0.2329749103942652,0.2857142857142857,0.12814258539799284,0.0,0.4632387603514717,0.9931464174454828,1.0,0.8496433820900593,instance,informative
0,0.5720720720720721,0.8,0.6363636363636364,0.42857142857142855,0.6282168025518966,1.0,0.5203077118723564,1.0,0.975,-0.7280517400513594,instance,informative
1,0.34626436781609193,0.0,0.2670454545454546,0.7857142857142857,0.5086420785177942,0.0,0.4537471785893954,0.9975077881619938,1.0,0.241691158165536,instance,informative
1,0.07971014492753625,0.0,0.2329749103942652,0.5357142857142857,0.14613952520158574,0.0,0.443997857654,0.9937694704049844,1.0,1.0414583430791486,instance,informative
1,0.4320652173913043,0.0,0.18974358974358974,0.6785714285714286,0.26398020960634805,0.0,0.45662551103227467,0.9981308411214953,1.0,1.1843199112122136,instance,informative
1,0.11904761904761907,0.2,0.16666666666666663,0.7857142857142857,0.4105311425758774,0.0,0.475845323189219,0.9987538940809969,1.0,1.1734178648887872,instance,informative
1,0.13749999999999996,0.2,0.18666666666666665,0.5,0.35960566506446934,0.2,0.48593103700048645,0.9990654205607477,1.0,0.4991612070967732,instance,informative
1,0.03749999999999998,0.2,0.18974358974358974,0.6785714285714286,0.22469927208574614,0.3333333333333333,0.5005804200435494,1.0,1.0,0.7089171326815851,instance,informative
1,0.11604774535809015,0.0,0.16666666666666663,0.5357142857142857,0.197327812879577,0.0,0.4695260957016044,0.9978193146417446,1.0,0.9601147851687148,instance,informative
0,0.743343653250774,0.8,0.7670250896057348,0.6071428571428571,0.7154662294951608,1.0,0.5015403057165713,1.0,1.0,-0.6778176928404338,instance,informative
1,0.13,0.2,0.18727272727272726,0.6071428571428571,0.2109770219137656,0.0,0.4908832648038196,0.9987538940809969,0.975,1.2385851060174107,instance,informative
1,0.13657407407407407,0.0,0.16666666666666663,0.7857142857142857,0.41567530030164834,0.25,0.4678752111310188,0.997196261682243,1.0,0.8753487764586947,instance,informative
1,0.34632034632034636,0.2,0.4236453201970444,0.6428571428571429,0.20948219584624395,0.4,0.47929207905845317,0.9990654205607477,1.0,1.2931353139997028,instance,informative
1,0.2273622047244095,0.0,0.2436781609195402,0.39285714285714285,0.18414986322684518,0.0,0.4629502246194226,0.9940809968847352,1.0,0.3705696153701836,instance,informative
1,0.0714285714285714,0.2,0.2670454545454546,0.75,0.33886654444034214,0.0,0.4877435393466809,0.9993769470404984,1.0,0.5016174407592751,instance,informative
1,0.09558823529411764,0.4,0.2329749103942652,0.2857142857142857,0.2588715327337877,0.0,0.49117797291274,0.9990654205607477,1.0,0.5944746656614198,instance,informative
1,0.04477611940298509,0.2,0.2670454545454546,0.7857142857142857,0.35122784257176354,0.16666666666666666,0.4830900821083125,0.9996884735202493,1.0,0.34840558152757384,instance,informative
0,0.6899696048632219,0.6,0.22807017543859653,0.6071428571428571,0.7575454587006302,1.0,0.5100950048627763,1.0,1.0,-0.988316515785587,instance,informative
1,0.15217391304347827,0.2,0.6852791878172588,0.39285714285714285,0.31967976742707116,0.3333333333333333,0.47805667660633955,0.9996884735202493,1.0,0.39708613191229175,instance,informative
1,0.09677419354838712,0.2,0.2436781609195402,0.8928571428571429,0.6381528011615906,0.0,0.46377945870439863,0.9987538940809969,0.975,0.29086193612519634,instance,informative
1,0.3992946708463949,0.0,0.18727272727272726,0.6428571428571429,0.2039420129237089,0.0,0.44022131458778246,0.9981308411214953,1.0,0.6531294773441143,instance,informative
1,0.09340659340659341,0.2,0.2436781609195402,1.0,0.18598955401444467,0.0,0.46151060654187903,0.9993769470404984,1.0,0.8678277804682943,instance,informative
1,0.3696319018404908,0.6,0.2329749103942652,0.2857142857142857,0.3306118933263589,1.0,0.5106792417403214,1.0,1.0,1.0356375551554904,instance,informative
1,0.045454545454545414,0.4,0.2436781609195402,0.42857142857142855,0.3112817026779148,0.3333333333333333,0.5120850859613185,1.0,1.0,1.1308240241424845,instance,informative
1,0.38,0.4,0.2436781609195402,0.8928571428571429,0.4790901509318428,0.5,0.49450422151914963,0.9993769470404984,1.0,0.34639953580696525,instance,informative
1,0.14615384615384608,0.6,0.6852791878172588,0.32142857142857145,0.448202021595471,1.0,0.5045648670555065,1.0,1.0,-0.38598893952779045,instance,informative
1,0.14588377723970947,0.0,0.2329749103942652,0.35714285714285715,0.24210285174557544,0.0,0.46897784254614305,0.9978193146417446,0.975,1.3300117369825566,instance,informative
1,0.07480314960629919,0.0,0.2436781609195402,0.8928571428571429,0.16180047451563206,0.2,0.4773623403455044,0.997196261682243,1.0,0.957598062079051,instance,informative
1,0.13657407407407407,0.2,0.18974358974358974,0.6071428571428571,0.28725688416785744,0.0,0.48508515862709656,0.9993769470404984,1.0,0.27317541328611195,instance,informative
1,0.17948717948717952,0.2,0.6852791878172588,0.39285714285714285,0.5021276871558372,0.0,0.47958895491584974,0.9996884735202493,1.0,0.1909582872735991,instance,informative
0,0.12698412698412698,0.6,0.7563218390804598,0.6071428571428571,0.49788169588438924,0.6666666666666666,0.5249037242259484,1.0,1.0,-0.8822837984235546,instance,informative
1,0.04477611940298509,0.4,0.18974358974358974,0.5714285714285714,0.1453382434942686,1.0,0.5166457458156792,1.0,1.0,0.6569851158949159,instance,informative
1,0.04477611940298509,0.4,0.2670454545454546,0.75,0.2171344524260066,0.0,0.47339152191294875,0.9996884735202493,1.0,0.48489885268895505,instance,informative
1,0.05844155844155852,0.0,0.2670454545454546,0.7857142857142857,0.15949305713337392,0.0,0.43976708532608544,0.9956386292834891,1.0,1.2203365708233744,instance,informative
1,0.15000000000000002,0.2,0.18727272727272726,0.5,0.5012791817092905,0.0,0.4483298695832042,0.9993769470404984,1.0,0.36205426832420456,instance,informative
1,0.28308823529411764,0.2,0.6852791878172588,0.39285714285714285,0.3225391440001101,0.0,0.46051704394106074,0.9987538940809969,1.0,0.33746434530065084,instance,informative
1,0.14574468085106385,0.0,0.2670454545454546,0.7142857142857143,0.1500324056530185,0.0,0.47509783584234355,0.9981308411214953,1.0,1.200290751362207,instance,informative
0,0.793144208037825,1.0,0.6363636363636364,0.39285714285714285,0.5799095213528758,1.0,0.5215514371142298,1.0,1.0,-0.47144165429358476,instance,informative
0,0.7916666666666667,1.0,0.5111111111111111,0.5,0.8008275380210546,1.0,0.5124995124640124,1.0,1.0,-0.7496502594049026,instance,informative
1,0.1821705426356589,0.0,0.16666666666666663,0.7857142857142857,0.3359552542028822,0.08333333333333333,0.47696258659155566,0.997196261682243,1.0,0.47323669085474585,instance,informative
0,0.8415584415584416,0.8,0.7329545454545454,0.5,0.7354299798213977,1.0,0.504380252643719,1.0,1.0,-0.6329583330976877,instance,informative
1,0.025862068965517238,0.2,0.2329749103942652,0.2857142857142857,0.15909065774687497,0.0,0.479469733445293,0.9990654205607477,1.0,1.202265634671521,instance,informative
1,0.2928571428571429,0.2,0.36363636363636365,0.35714285714285715,0.22723577885369312,0.0,0.4766835713632217,0.9987538940809969,1.0,0.3565721981633528,instance,informative
1,0.3699494949494949,0.2,0.2670454545454546,0.7857142857142857,0.37547338840331373,0.0,0.4771836983564274,0.9990654205607477,1.0,0.3819350308503371,instance,informative
1,0.18550368550368546,0.2,0.2436781609195402,0.8928571428571429,0.30912094947977964,0.0,0.4553356668978773,0.9993769470404984,1.0,0.5189207637765962,instance,informative
1,0.10844155844155845,0.2,0.18974358974358974,0.6785714285714286,0.34323031980752594,0.0,0.4680255200828216,0.9987538940809969,1.0,1.1002768149696933,instance,informative
1,0.1821705426356589,0.0,0.18974358974358974,0.6785714285714286,0.40832978528963915,0.16666666666666666,0.47399431627117816,0.9978193146417446,1.0,0.12313662411558185,instance,informative
1,0.0957446808510638,0.0,0.2436781609195402,0.8928571428571429,0.12519203661850975,0.0,0.4666877107079346,0.9956386292834891,1.0,1.13673574291284,instance,informative
1,0.124074074074074,0.2,0.18974358974358974,0.6071428571428571,0.21174698977584094,0.3333333333333333,0.4868623190242197,0.9990654205607477,1.0,0.3150440293314905,instance,informative
0,0.7795566502463054,1.0,0.7329545454545454,0.5714285714285714,0.7703881590794506,1.0,0.5266227646237216,1.0,1.0,-1.2190270032148278,instance,informative
1,0.19106047326906217,0.0,0.18727272727272726,0.6071428571428571,0.16667653764407897,0.0,0.46379412398368014,0.9947040498442368,1.0,2.0014814073881135,instance,informative
1,0.19907407407407407,0.4,0.2329749103942652,0.32142857142857145,0.2042733830358508,1.0,0.5021575725097763,1.0,1.0,0.3835680675116718,instance,informative
1,0.11604774535809015,0.2,0.4236453201970444,0.4642857142857143,0.21824619488490604,0.0,0.4826341435934577,0.9990654205607477,1.0,0.9859550568678689,instance,informative
1,0.08196721311475408,0.0,0.2670454545454546,0.4642857142857143,0.3185397317885769,0.0,0.4590836249646676,0.9978193146417446,0.975,0.4468719615207438,instance,informative
1,0.263265306122449,0.0,0.4236453201970444,0.6785714285714286,0.3190620405480002,0.0,0.4800193754640504,0.9968847352024922,1.0,0.8895426307846735,instance,informative
1,0.21717171717171713,0.4,0.18974358974358974,0.6785714285714286,0.2711676392593697,0.25,0.4965730531706445,0.9996884735202493,1.0,0.8581591617515039,instance,informative
1,0.0901639344262295,0.2,0.2329749103942652,0.35714285714285715,0.13989053083627156,0.0,0.4553036867683209,0.9996884735202493,1.0,0.9860379302372455,instance,informative
1,0.09883720930232553,0.2,0.18727272727272726,0.6071428571428571,0.14802610012820727,0.0,0.4682260110448637,0.9996884735202493,1.0,0.9640622457638526,instance,informative
1,0.338265306122449,0.4,0.2436781609195402,0.39285714285714285,0.22358881327005908,1.0,0.5025901648950595,1.0,1.0,0.5792121230834925,instance,informative
1,0.13749999999999996,0.6,0.18727272727272726,0.75,0.14556428756703743,0.3333333333333333,0.5080156763288868,1.0,1.0,0.835824854835413,instance,informative
1,0.08227848101265822,0.0,0.2436781609195402,0.42857142857142855,0.21876260053634533,0.0,0.3831355477064037,0.9978193146417446,1.0,0.38388112509714356,instance,informative
1,0.07407407407407407,0.0,0.36363636363636365,0.35714285714285715,0.44311233205145906,0.0,0.44406159740292717,0.9981308411214953,1.0,0.9363684435661218,instance,informative
1,0.14901477832512322,0.2,0.18974358974358974,0.6071428571428571,0.18654606189944278,0.0,0.47743155210907584,0.9990654205607477,1.0,0.9440870873353702,instance,informative
1,0.3992946708463949,0.4,0.36363636363636365,0.5,0.34863994180405156,0.0,0.4737025311844386,0.9993769470404984,1.0,0.5102628989955452,instance,informative
1,0.08836206896551724,0.2,0.2329749103942652,0.6785714285714286,0.20931262058068417,0.14285714285714285,0.49506699225105977,0.9996884735202493,1.0,1.0676024950492091,instance,informative
1,0.10236220472440949,0.2,0.2436781609195402,0.8928571428571429,0.344338895068271,0.3333333333333333,0.478308946996737,0.9993769470404984,1.0,-0.06727371325629361,instance,informative
0,0.7927215189873418,0.6,0.24637681159420288,0.5714285714285714,0.833777624066863,0.0,0.4774997610911027,0.9994407158836689,1.0,-1.28589218235769,instance,informative
1,0.0714285714285714,0.0,0.16666666666666663,0.4642857142857143,0.2985186610458047,0.0,0.45452675911385376,0.9940809968847352,1.0,1.3126970918345662,instance,informative
1,0.07777777777777772,0.0,0.2436781609195402,0.8928571428571429,0.5722837994356714,0.0,0.46381750195835725,0.9968847352024922,1.0,0.40832339735513873,instance,informative
1,0.23897058823529416,0.0,0.18666666666666665,0.5,0.2012547825056581,0.0,0.45242747279606366,0.9937694704049844,1.0,0.7434298717019501,instance,informative
1,0.19615384615384612,0.2,0.7840909090909091,0.14285714285714285,0.3101538764640326,0.5,0.4969176640652929,0.9996884735202493,1.0,0.7116336055077854,instance,informative
0,0.49760191846522783,0.8,0.7329545454545454,0.5,0.5506489320502541,0.5,0.49215633700315464,0.9994407158836689,1.0,-0.33437842800984924,instance,informative
0,0.5809352517985611,0.8,0.4727272727272728,0.5714285714285714,0.7888634066066617,1.0,0.5068544525011192,1.0,1.0,-0.8554890923552012,instance,informative
1,0.0,0.0,0.2329749103942652,0.2857142857142857,0.2635854564450243,0.0,0.4657594886311591,0.9978193146417446,1.0,0.6972670337951496,instance,informative
1,0.2116161616161616,0.4,0.2329749103942652,0.35714285714285715,0.42361269040732696,0.5,0.5108973763045205,1.0,1.0,0.25038434087501277,instance,informative
1,0.03749999999999998,0.0,0.18727272727272726,0.8214285714285714,0.20495090583849096,0.0,0.48608836118820153,0.9981308411214953,1.0,0.7483685782890395,instance,informative
1,0.07499999999999996,0.0,0.5272727272727273,0.5,0.1712281170242707,0.0,0.4784058468455171,0.9978193146417446,1.0,1.1072697279854304,instance,informative
1,0.21016949152542375,0.0,0.18727272727272726,0.75,0.2246829222640579,0.0,0.4573231242604542,0.9975077881619938,1.0,1.330287725480933,instance,informative
1,0.0,0.2,0.2329749103942652,0.2857142857142857,0.13205008382896993,0.0,0.49936769668771597,0.9996884735202493,1.0,0.6231030460092246,instance,informative
1,0.045454545454545414,0.2,0.48888888888888893,0.5,0.44516476935720906,0.0,0.4573874001222602,0.9987538940809969,1.0,1.1420950051850591,instance,informative
1,0.270440251572327,0.2,0.2670454545454546,0.5714285714285714,0.47632882375756047,0.0,0.4855806373356152,0.9987538940809969,1.0,0.5885700638282086,instance,informative
1,0.14551282051282055,0.6,0.2436781609195402,0.39285714285714285,0.5538484000261992,1.0,0.5268846132398621,1.0,1.0,0.694871004897955,instance,informative
0,0.673155737704918,1.0,0.31472081218274117,0.35714285714285715,0.531797821825501,1.0,0.5211619502384913,1.0,1.0,-0.45370218023988884,instance,informative
1,0.10999999999999999,0.2,0.2329749103942652,0.2857142857142857,0.24914590344654847,0.0,0.468213104974855,0.9996884735202493,1.0,1.074253246094809,instance,informative
1,0.24942102825382118,0.2,0.18727272727272726,0.6428571428571429,0.1865169367326942,0.0,0.4926689095119521,0.9993769470404984,1.0,0.6610334385803716,instance,informative
1,0.24038461538461542,0.0,0.2436781609195402,0.42857142857142855,0.17444540820407867,0.0,0.44674536183947766,0.9984423676012462,1.0,0.8580481531458795,instance,informative
1,0.06432360742705567,0.2,0.2329749103942652,0.35714285714285715,0.19087459662066825,0.0,0.48533437556384174,0.9996884735202493,1.0,1.2766099373126967,instance,informative
1,0.14551282051282055,0.4,0.2670454545454546,0.6071428571428571,0.36547779059561564,0.0,0.4919652406654902,0.9996884735202493,1.0,0.5778001688069192,instance,informative
1,0.0714285714285714,0.0,0.2670454545454546,0.5357142857142857,0.4272500400127045,0.5,0.47736181868688654,0.9978193146417446,1.0,0.6381258842234695,instance,informative
1,0.11963190184049077,0.0,0.18727272727272726,0.5,0.34996160768624984,0.0,0.48655921370573696,0.9965732087227415,1.0,0.6113333646370154,instance,informative
0,0.8144963144963144,1.0,0.21590909090909094,0.32142857142857145,0.5713919257735771,1.0,0.5239401927763854,1.0,1.0,-0.9426188817299946,instance,informative
1,0.11604774535809015,0.0,0.18727272727272726,0.7142857142857143,0.2769505066604667,0.0,0.4771104112100232,0.9962616822429906,1.0,0.743468252396317,instance,informative
1,0.11904761904761907,0.0,0.2436781609195402,0.8928571428571429,0.2504557966024338,0.0,0.4621182499404527,0.9975077881619938,1.0,0.9175924993386431,instance,informative
1,0.184640522875817,0.4,0.36363636363636365,0.5,0.38078920800929583,1.0,0.5297131569439669,1.0,1.0,0.8170308958369795,instance,informative
1,0.11538461538461542,0.0,0.2436781609195402,0.6428571428571429,0.12207312839520579,0.0,0.4585404368711933,0.9962616822429906,1.0,1.7186424404838208,instance,informative
0,0.8690476190476191,1.0,0.22807017543859653,0.5714285714285714,0.8308638394915082,1.0,0.5304251278780728,1.0,1.0,-0.8372136906813776,instance,informative
1,0.2160737812911726,0.8,0.7536231884057971,0.5357142857142857,0.6280365957438304,1.0,0.5067498655981415,1.0,1.0,0.5016095575680621,instance,informative
0,0.8066104078762306,1.0,0.8127272727272727,0.5357142857142857,0.8239497910474579,1.0,0.5339390702654018,1.0,1.0,-1.084945902227662,instance,informative
1,0.11963190184049077,0.4,0.5272727272727273,0.6071428571428571,0.15987989101290712,0.5,0.49599299111715056,0.9996884735202493,1.0,1.2839605883671055,instance,informative
1,0.13035870516185477,0.0,0.2329749103942652,0.6785714285714286,0.14145903043544417,0.0,0.48682032146020704,0.9981308411214953,1.0,1.0704894821197297,instance,informative
1,0.3242857142857143,0.4,0.2329749103942652,0.2857142857142857,0.1718972572870881,0.0,0.489665878843631,0.9993769470404984,1.0,0.826087905750487,instance,informative
0,0.7417582417582418,0.8,0.8127272727272727,0.6785714285714286,0.7450044543184702,1.0,0.5242448698534982,1.0,1.0,-0.7548609820551663,instance,informative
1,0.13,0.2,0.6852791878172588,0.32142857142857145,0.3270852251855342,0.0,0.49771137314848446,0.9996884735202493,0.95,0.0041375906971520115,instance,informative
1,0.139344262295082,0.6,0.2436781609195402,0.32142857142857145,0.44409784210332715,0.0,0.4893571186779391,0.9993769470404984,0.975,-0.2140968681945081,instance,informative
1,0.2047619047619048,0.2,0.2436781609195402,0.8928571428571429,0.19130774930220917,0.0,0.49647612168793354,0.9996884735202493,1.0,0.7561338358393495,instance,informative
1,0.15476190476190477,0.0,0.2436781609195402,0.5357142857142857,0.4829157222380519,0.0,0.46168378145897204,0.9978193146417446,1.0,0.6383834006555537,instance,informative
0,0.717948717948718,1.0,0.7329545454545454,0.5357142857142857,0.8323940205626483,1.0,0.5311035732329124,1.0,1.0,-0.8847455972995724,instance,informative
1,0.23550724637681153,0.0,0.16666666666666663,0.7857142857142857,0.2518299195702878,0.4,0.47327257291765523,0.9978193146417446,1.0,0.7065872011978356,instance,informative
1,0.17948717948717952,0.4,0.2436781609195402,0.8928571428571429,0.3056264708968973,0.5,0.4860651711760281,0.9996884735202493,1.0,0.6092977571568049,instance,informative
1,0.21326530612244898,0.2,0.2670454545454546,0.5357142857142857,0.4956565373310168,0.5,0.49301678300293406,0.9996884735202493,1.0,0.331076002806085,instance,informative
1,0.07352941176470584,0.0,0.5272727272727273,0.6071428571428571,0.15634591690387456,0.0,0.4812158468906442,0.9981308411214953,1.0,1.1973292989894841,instance,informative
1,0.2940647482014389,0.6,0.36363636363636365,0.32142857142857145,0.17751339827458035,0.0,0.4856422130546868,0.9996884735202493,1.0,0.85231440419056,instance,informative
1,0.11538461538461542,0.2,0.326797385620915,0.5714285714285714,0.3804357103075775,0.0,0.47908413090496105,0.9990654205607477,1.0,1.2791453567482227,instance,informative
1,0.7104895104895105,0.6,0.2436781609195402,0.8928571428571429,0.42550613922135694,0.6,0.49635840961227773,0.9996884735202493,1.0,0.21650717456852112,instance,informative
0,0.9069444444444444,1.0,0.8127272727272727,0.6071428571428571,0.8063674968305519,1.0,0.5318573487641063,1.0,1.0,-0.8955791844281874,instance,informative
1,0.18333333333333335,0.0,0.18727272727272726,0.6071428571428571,0.20564683275933016,0.0,0.4496438489860809,0.9931464174454828,1.0,1.2655090901750974,instance,informative
1,0.10377358490566035,0.2,0.2436781609195402,0.39285714285714285,0.2746045119326042,0.0,0.4797235043686464,0.9987538940809969,1.0,0.6614206260385761,instance,informative
1,0.20752628666297723,0.2,0.2436781609195402,0.39285714285714285,0.3103979437869947,0.25,0.5061057302747417,1.0,1.0,0.547008828444618,instance,informative
1,0.025000000000000022,0.2,0.18974358974358974,0.6071428571428571,0.1479118400755185,0.5,0.5026915007196291,1.0,1.0,1.5169192733898424,instance,informative
1,0.29166666666666674,0.2,0.18727272727272726,0.75,0.23760954398601325,0.0,0.497569128541519,0.9996884735202493,1.0,1.0061408968977135,instance,informative
1,0.08227848101265822,0.0,0.2436781609195402,0.42857142857142855,0.18824093556134053,0.0,0.45501439665980437,0.997196261682243,1.0,0.8938912117169591,instance,informative
1,0.5158102766798419,0.2,0.4236453201970444,0.6428571428571429,0.2998773859236099,0.4,0.49431558949974785,0.9996884735202493,1.0,1.0439047204311325,instance,informative
1,0.1529652351738241,0.0,0.18727272727272726,0.6428571428571429,0.2832529454041811,0.0,0.4544642923396013,0.9928348909657321,1.0,0.9997558905113398,instance,informative
1,0.24463190184049077,0.2,0.18974358974358974,0.6785714285714286,0.2748915056775673,0.3333333333333333,0.4829055091309413,0.9993769470404984,1.0,1.0118608612689157,instance,informative
1,0.059523809523809534,0.0,0.2670454545454546,0.6071428571428571,0.438388731691258,0.0,0.46291949526098897,0.9978193146417446,1.0,0.4103602102165926,instance,informative
1,0.20727848101265822,0.0,0.6852791878172588,0.25,0.3390139146619875,0.0,0.46894327674632885,0.9981308411214953,1.0,0.9867149009899704,instance,informative
0,0.7583333333333333,1.0,0.5763546798029557,0.7142857142857143,0.8099444734051101,1.0,0.5258293835282486,1.0,1.0,-1.042560678166096,instance,informative
1,0.24018838304552592,0.2,0.2670454545454546,0.4642857142857143,0.26936007835000364,0.0,0.4926591481708106,0.9987538940809969,1.0,1.007782571355504,instance,informative
0,0.729559748427673,0.6,0.5111111111111111,0.5,0.7479449274983835,0.75,0.507179139574726,1.0,1.0,-0.6606851003922228,instance,informative
1,0.16326530612244894,0.0,0.18727272727272726,0.5,0.23852347481671288,0.0,0.48615949317463236,0.9962616822429906,0.975,0.7701975987166666,instance,informative
1,0.124074074074074,0.0,0.2670454545454546,0.5357142857142857,0.25163580895358784,0.2,0.46965395496341433,0.9984423676012462,1.0,0.6806619197339665,instance,informative
1,0.09305555555555556,0.4,0.18727272727272726,0.4642857142857143,0.34799439685727884,1.0,0.512866652407914,1.0,0.975,0.5617295016641422,instance,informative
1,0.06432360742705567,0.2,0.48888888888888893,0.4642857142857143,0.3746930699753953,0.2222222222222222,0.4826230309920878,0.9990654205607477,1.0,1.100736911714107,instance,informative
1,0.15333333333333332,0.0,0.2329749103942652,0.35714285714285715,0.21825233909793373,0.0,0.4778928005453674,0.997196261682243,1.0,1.5638184367130437,instance,informative
1,0.1923076923076923,0.4,0.2436781609195402,0.8928571428571429,0.3808104714085573,1.0,0.5025816583000271,1.0,1.0,0.5069163259796402,instance,informative
1,0.14642857142857146,0.0,0.18974358974358974,0.6785714285714286,0.21542859290681493,0.0,0.454205499850987,0.9978193146417446,1.0,1.444685964904746,instance,informative
1,0.22111111111111104,0.4,0.326797385620915,0.5357142857142857,0.3012610963377199,0.0,0.49809222881856297,0.9996884735202493,1.0,0.7772334875568253,instance,informative
1,0.0714285714285714,0.2,0.48888888888888893,0.42857142857142855,0.12445610565027954,0.0,0.490357017459085,0.9996884735202493,1.0,0.9057699931367937,instance,informative
0,0.4545454545454546,0.6,0.5763546798029557,0.6785714285714286,0.6630884337441052,1.0,0.5350606194708019,1.0,1.0,-1.1618573844352573,instance,informative
1,0.14588377723970947,0.0,0.2436781609195402,0.8928571428571429,0.23494735893965907,0.0,0.4339394680793849,0.9937694704049844,1.0,0.8919031838920861,instance,informative
1,0.23809523809523814,0.0,0.2670454545454546,0.6071428571428571,0.19173409799531987,0.0,0.44289389618456554,0.9953271028037384,1.0,0.46313388320961657,instance,informative
1,0.1671732522796353,0.0,0.2436781609195402,0.5714285714285714,0.17163439837948308,0.0,0.47935321381526586,0.9984423676012462,1.0,1.5401548141288828,instance,informative
1,0.13,0.0,0.18727272727272726,0.7142857142857143,0.15544406434682612,0.0,0.4741680578269848,0.9984423676012462,1.0,1.3911380557350228,instance,informative
1,0.3607287449392713,0.4,0.5714285714285714,0.39285714285714285,0.36219460920291213,1.0,0.5117145164026746,1.0,1.0,0.9701135598506926,instance,informative
1,0.184640522875817,0.4,0.18974358974358974,0.6785714285714286,0.14442040658864042,0.0,0.4981664749947108,0.9996884735202493,1.0,0.7821525863553722,instance,informative
1,0.07758620689655171,0.4,0.4236453201970444,0.5714285714285714,0.15551943109367267,0.0,0.4924944045675925,0.9996884735202493,1.0,1.0561236092184452,instance,informative
1,0.19480519480519476,0.0,0.18974358974358974,0.6785714285714286,0.35873745520025413,0.0,0.47110314203925596,0.9968847352024922,1.0,0.851373043808665,instance,informative
0,0.8066666666666666,0.8,0.7670250896057348,0.5714285714285714,0.6512885271306288,0.6666666666666666,0.5109047766365349,1.0,1.0,-0.43138233736750814,instance,informative
1,0.1777777777777778,0.4,0.2670454545454546,0.5357142857142857,0.2650385276391992,0.0,0.48004303767759404,0.9996884735202493,1.0,0.850053894461884,instance,informative
1,0.17142857142857149,0.2,0.18666666666666665,0.5,0.25762089207549765,0.25,0.48052289567107775,0.9996884735202493,1.0,0.8113739349049381,instance,informative
1,0.07407407407407407,0.2,0.2329749103942652,0.32142857142857145,0.2361620265564281,1.0,0.5016269789972858,1.0,1.0,1.0433248979765963,instance,informative
0,0.7883838383838384,0.8,0.7329545454545454,0.6071428571428571,0.6040929596114893,1.0,0.5043839603026873,1.0,1.0,-0.7880816155875231,instance,informative
0,0.7231638418079096,1.0,0.6363636363636364,0.5357142857142857,0.46066928080301517,1.0,0.5332327567004409,1.0,1.0,-0.7865272099606813,instance,informative
1,0.18333333333333335,0.0,0.18727272727272726,0.75,0.35862730383767205,0.0,0.4820620553019861,0.9984423676012462,1.0,0.6024169923446053,instance,informative
0,0.7083333333333334,1.0,0.4727272727272728,0.4642857142857143,0.6381945055601718,0.75,0.5363392994942096,1.0,1.0,-0.5987603623249929,instance,informative
1,0.11963190184049077,0.0,0.2436781609195402,0.6428571428571429,0.46684016882017854,0.0,0.4764696610738711,0.9981308411214953,1.0,0.35396220354014346,instance,informative
1,0.3992946708463949,0.2,0.2670454545454546,0.75,0.419929491164838,0.5,0.49802420805767145,0.9996884735202493,1.0,0.6727701691538169,instance,informative
1,0.045454545454545414,0.2,0.2670454545454546,0.7857142857142857,0.24465712938110207,0.5,0.4990949431099213,0.9996884735202493,1.0,0.4715307767173935,instance,informative
1,0.1671732522796353,0.2,0.2436781609195402,0.8928571428571429,0.40020250043571826,0.0,0.46518806407368796,0.9990654205607477,1.0,0.7942717219958867,instance,informative
0,0.7461538461538462,1.0,0.7563218390804598,0.35714285714285715,0.8471323557996775,1.0,0.5355110579153618,1.0,0.975,-0.35610895264038883,instance,informative
1,0.16602316602316602,0.0,0.16666666666666663,0.7857142857142857,0.1729838779536817,0.0,0.48577418833216546,0.9981308411214953,1.0,0.9247208824254051,instance,informative
1,0.09340659340659341,0.2,0.18666666666666665,0.5,0.19669185107681303,0.0,0.4753470644446941,0.9990654205607477,1.0,0.4187118402093209,instance,informative
1,0.04477611940298509,0.0,0.36363636363636365,0.5,0.399120160449836,0.0,0.4182488126584395,0.9950155763239875,1.0,0.6013150345729172,instance,informative
1,0.125,0.4,0.16666666666666663,0.7857142857142857,0.24522858381978935,0.0,0.4889056475610851,0.9993769470404984,1.0,0.8393899167771951,instance,informative
1,0.14551282051282055,0.4,0.326797385620915,0.5714285714285714,0.40602537161714347,0.0,0.47877082320616837,0.9990654205607477,1.0,0.8632467262868503,instance,informative
1,0.14615384615384608,0.2,0.2436781609195402,0.8928571428571429,0.31901391083053054,0.6666666666666666,0.4765570501999794,0.9990654205607477,1.0,0.6753183267595607,instance,informative
1,0.21091644204851745,0.2,0.18727272727272726,0.7142857142857143,0.3795464691359155,0.0,0.47750699386248374,0.9990654205607477,1.0,1.0658234471354293,instance,informative
0,0.775,0.6,0.7563218390804598,0.5357142857142857,0.6251501316985535,0.6666666666666666,0.5087199935540623,1.0,1.0,-0.36753735042289704,instance,informative
1,0.19333333333333336,0.2,0.2329749103942652,0.5714285714285714,0.28256871511500803,0.0,0.4253416178063958,0.9987538940809969,1.0,0.7526164061880178,instance,informative
1,0.1478167501789549,0.2,0.2670454545454546,0.4642857142857143,0.32433381930406363,0.0,0.4893533518544828,0.9987538940809969,1.0,0.723824002736478,instance,informative
1,0.18710691823899372,0.0,0.4236453201970444,0.6785714285714286,0.3424870430779605,0.0,0.4651192745208247,0.9984423676012462,1.0,0.2429782006351774,instance,informative
1,0.21963190184049075,0.0,0.2436781609195402,0.6785714285714286,0.2419505971156366,0.0,0.46431565777180794,0.9968847352024922,1.0,0.9827569944997477,instance,informative
1,0.0,0.2,0.2329749103942652,0.6785714285714286,0.14250215337844419,0.0,0.4616195478014822,0.9987538940809969,1.0,0.9084000459483775,instance,informative
1,0.14551282051282055,0.0,0.2670454545454546,0.6071428571428571,0.38657093334582315,0.0,0.46060074271310647,0.997196261682243,1.0,1.0428268225261526,instance,informative
1,0.0,0.2,0.08333333333333337,0.10714285714285714,0.6952701289864578,0.0,0.4945465307802368,0.9996884735202493,0.975,0.3047197194847437,instance,informative
1,0.14615384615384608,0.2,0.2436781609195402,0.8928571428571429,0.4029684508989012,0.0,0.47655561261046564,0.9987538940809969,1.0,0.8907520091404574,instance,informative
1,0.04477611940298509,0.0,0.18666666666666665,0.5,0.16779548063580274,0.0,0.4459557182203747,0.9981308411214953,1.0,0.7774565450211683,instance,informative
1,0.19615384615384612,0.4,0.48888888888888893,0.4642857142857143,0.42037167002051523,0.5,0.5146410593745873,1.0,1.0,0.3243933045789008,instance,informative
1,0.16963190184049082,0.0,0.2670454545454546,0.7857142857142857,0.3666488172606077,0.16666666666666666,0.4525464458547377,0.9959501557632399,1.0,1.0594873116347927,instance,informative
1,0.14177489177489178,0.0,0.18727272727272726,0.7142857142857143,0.20592394104191813,0.0,0.4490349576202415,0.9984423676012462,1.0,1.2581349553578325,instance,informative
0,0.822072072072072,0.8,0.6363636363636364,0.5,0.7651109024442094,1.0,0.5319713989635504,1.0,1.0,-0.10583778651869896,instance,informative
0,0.7619047619047619,0.8,0.8127272727272727,0.75,0.844050094387785,1.0,0.5146001396071849,1.0,1.0,-1.1152088900362214,instance,informative
1,0.19655497876356764,0.2,0.2436781609195402,0.8928571428571429,0.516222215708159,0.5,0.5269045980604865,1.0,1.0,0.7186797855885475,instance,informative
1,0.1777777777777778,0.4,0.2436781609195402,1.0,0.24427922193094764,1.0,0.5143120789101819,1.0,1.0,0.9189298219777625,instance,informative
1,0.29166666666666674,0.6,0.16666666666666663,0.7857142857142857,0.418979662898903,0.3333333333333333,0.5076450283399953,1.0,1.0,0.7957851341773919,instance,informative
1,0.11538461538461542,0.0,0.2670454545454546,0.4642857142857143,0.2145930688614482,0.0,0.47896553782293605,0.9981308411214953,1.0,0.8893465504502769,instance,informative
1,0.141941391941392,0.2,0.5272727272727273,0.5714285714285714,0.3634859156075546,0.16666666666666666,0.46963380555566014,0.9987538940809969,1.0,0.5699760653968687,instance,informative
1,0.139344262295082,0.4,0.36363636363636365,0.5,0.5912393793592836,0.0,0.4733738260153366,0.9990654205607477,1.0,1.1887673113893127,instance,informative
1,0.3500000000000001,0.6,0.36363636363636365,0.5,0.4304083635325616,0.0,0.4870226753206448,0.9996884735202493,1.0,0.5135980209023998,instance,informative
1,0.18550368550368546,0.0,0.4236453201970444,0.6428571428571429,0.3104816262396555,0.0,0.47433747746685884,0.997196261682243,1.0,0.9166879619371873,instance,informative
1,0.0901639344262295,0.0,0.2329749103942652,0.35714285714285715,0.15619978988167854,0.0,0.4791713100831393,0.9968847352024922,1.0,0.33532425654552966,instance,informative
1,0.07407407407407407,0.2,0.36363636363636365,0.4642857142857143,0.3405770675246037,0.0,0.4978233474505125,0.9996884735202493,1.0,0.8739632180752277,instance,informative
1,0.18213190184049077,0.2,0.2670454545454546,0.4642857142857143,0.29926791821209553,0.375,0.45147556652114884,0.9990654205607477,1.0,0.3574583601186391,instance,informative
1,0.18159806295399517,0.0,0.2329749103942652,0.35714285714285715,0.2692613505432607,0.0,0.46192388288994435,0.9968847352024922,1.0,1.3014026504799219,instance,informative
1,0.2047619047619048,0.2,0.2436781609195402,0.8928571428571429,0.14031098313406815,0.5,0.5319693059792239,1.0,1.0,0.8620348682232141,instance,informative
1,0.07777777777777772,0.4,0.2436781609195402,0.39285714285714285,0.3313827378907729,1.0,0.5017317452850041,1.0,1.0,0.5137770713914284,instance,informative
1,0.11688311688311692,0.2,0.18727272727272726,0.6071428571428571,0.21364104956394214,0.5,0.5039849921934314,1.0,1.0,0.7478407767776832,instance,informative
1,0.14574468085106385,0.0,0.2436781609195402,0.42857142857142855,0.17206458672721409,0.0,0.4647903069419811,0.9984423676012462,1.0,0.40979548869971066,instance,informative
1,0.0,0.2,0.18727272727272726,0.75,0.14797602534021947,0.0,0.4804621621518256,0.9993769470404984,0.975,0.8918737910472324,instance,informative
1,0.1779279279279279,0.4,0.16666666666666663,0.7857142857142857,0.2885890172476655,1.0,0.5021701407376185,1.0,1.0,0.5185272201643502,instance,informative
1,0.125,0.0,0.48888888888888893,0.6785714285714286,0.14194335480248804,0.0,0.4766386619312699,0.9981308411214953,1.0,0.8921779128117454,instance,informative
0,0.8253757736516357,0.8,0.24637681159420288,0.5714285714285714,0.7646899315570242,1.0,0.5260455931978028,1.0,1.0,-1.0893994054459595,instance,informative
1,0.26225490196078427,0.0,0.2329749103942652,0.21428571428571427,0.38277783224163353,0.0,0.4599464754694982,0.997196261682243,1.0,0.7683762839867117,instance,informative
1,0.11016949152542366,0.0,0.2329749103942652,0.2857142857142857,0.14849389729716167,0.0,0.4367837295029565,0.9940809968847352,1.0,1.1908336494937877,instance,informative
1,0.0901639344262295,0.2,0.18727272727272726,0.6428571428571429,0.23739420025664926,0.0,0.4645611584013051,0.9987538940809969,1.0,0.43780998389941816,instance,informative
1,0.21091644204851745,0.4,0.48888888888888893,0.6785714285714286,0.5379714394378852,1.0,0.5070133762542792,1.0,1.0,0.1791714011417514,instance,informative
1,0.025862068965517238,0.2,0.2329749103942652,0.35714285714285715,0.2619319953994861,0.5,0.5238552592524017,1.0,1.0,0.8364776291493519,instance,informative
1,0.22044334975369462,0.2,0.18727272727272726,0.6071428571428571,0.14917570910822492,0.5,0.48096782060259113,0.9990654205607477,1.0,0.9002533587287482,instance,informative
0,0.8285714285714285,1.0,0.7670250896057348,0.4642857142857143,0.874433264777374,1.0,0.5352791631128341,1.0,0.975,-1.2042763236849472,instance,informative
1,0.0714285714285714,0.0,0.39682539682539686,0.39285714285714285,0.2473549106357894,0.0,0.4700900432444035,0.9978193146417446,1.0,1.3134381630973149,instance,informative
1,0.22652757078986585,0.2,0.2329749103942652,0.5357142857142857,0.3024689666984588,0.0,0.4901573736148499,0.9993769470404984,1.0,0.39098854146588424,instance,informative
1,0.09883720930232553,0.2,0.326797385620915,0.5714285714285714,0.25846522591238363,0.3333333333333333,0.49305037921742756,0.9990654205607477,1.0,0.6484186710492208,instance,informative
1,0.1671732522796353,0.2,0.2436781609195402,0.5357142857142857,0.24660587713404042,0.0,0.491673579977821,0.9993769470404984,1.0,0.8769632449833027,instance,informative
1,0.17142857142857149,0.0,0.2329749103942652,0.5357142857142857,0.16948570230301568,0.0,0.4705055862643801,0.9962616822429906,1.0,1.0295179610577718,instance,informative
1,0.19480519480519476,0.0,0.18727272727272726,0.7142857142857143,0.20572702707956614,0.2,0.46145552133592815,0.9978193146417446,1.0,0.5491726157774413,instance,informative
1,0.17142857142857149,0.4,0.2329749103942652,0.35714285714285715,0.24838838409825775,0.25,0.5145556466180401,1.0,1.0,0.8959566464709897,instance,informative
1,0.20788530465949817,0.2,0.2670454545454546,0.6071428571428571,0.1621962053592304,0.0,0.4745961166716429,0.9990654205607477,1.0,1.054036534942439,instance,informative
1,0.15476190476190477,0.2,0.326797385620915,0.5714285714285714,0.41943109406352785,0.0,0.49946888452400007,0.9996884735202493,1.0,0.5627862189414502,instance,informative
1,0.07407407407407407,0.2,0.2329749103942652,0.5357142857142857,0.13826788376823262,0.0,0.4679578439719,0.9990654205607477,0.975,1.1534452183621684,instance,informative
1,0.07499999999999996,0.0,0.2329749103942652,0.35714285714285715,0.1474108464812875,0.0,0.47559741785659426,0.9975077881619938,1.0,1.1616445824886197,instance,informative
1,0.13,0.4,0.2436781609195402,0.8928571428571429,0.5459430739434904,0.0,0.4871167825076622,0.9990654205607477,1.0,0.36918802508001075,instance,informative
1,0.059523809523809534,0.2,0.18727272727272726,0.6428571428571429,0.24650699991361497,0.25,0.48175014987225373,0.9993769470404984,1.0,0.8569838858469014,instance,informative
1,0.19333333333333336,0.0,0.2329749103942652,0.5357142857142857,0.34304822579294225,0.0,0.403762412139118,0.997196261682243,1.0,-0.16337837762918786,instance,informative
1,0.20833333333333326,0.0,0.326797385620915,0.5357142857142857,0.1677721961096742,0.0,0.4614630809380824,0.997196261682243,1.0,0.6020848313904759,instance,informative
1,0.21963190184049075,0.0,0.48888888888888893,0.4642857142857143,0.41095299872811486,0.0,0.4521088209242595,0.9981308411214953,1.0,0.5661888183712603,instance,informative
1,0.38548752834467126,0.0,0.2670454545454546,0.7857142857142857,0.199949955085021,0.0,0.46923250374134706,0.9965732087227415,1.0,0.2975198577415894,instance,informative
1,0.1671732522796353,0.0,0.2436781609195402,0.8928571428571429,0.1803415209658385,0.0,0.46244854540778146,0.997196261682243,1.0,1.2820253682450602,instance,informative
1,0.13035870516185477,0.2,0.2329749103942652,0.35714285714285715,0.3021096880152875,0.0,0.4974817363876891,0.9996884735202493,1.0,1.3732833186231435,instance,informative
1,0.14102564102564097,0.2,0.7536231884057971,0.39285714285714285,0.44194245059308745,0.0,0.47181598773852684,0.9993769470404984,1.0,0.7667480032396295,instance,informative
1,0.1478167501789549,0.0,0.2329749103942652,0.35714285714285715,0.23176336470659065,0.0,0.4836756806549841,0.9975077881619938,1.0,0.9972301166955313,instance,informative
1,0.1298701298701299,0.0,0.16666666666666663,0.5,0.43784713877285447,0.0,0.4819004361492113,0.997196261682243,0.975,0.10551178401478513,instance,informative
1,0.11688311688311692,0.2,0.18974358974358974,0.6785714285714286,0.23919177492957838,0.0,0.4907377595417408,0.9993769470404984,1.0,0.944003285265009,instance,informative
1,0.1339285714285714,0.0,0.4236453201970444,0.4642857142857143,0.13946215866161754,0.0,0.4378387147216999,0.9965732087227415,1.0,0.7911409586771253,instance,informative
1,0.13227848101265827,0.0,0.2329749103942652,0.2857142857142857,0.22110464845100253,0.0,0.4897936468017142,0.9978193146417446,1.0,1.240379023640037,instance,informative
1,0.201844262295082,0.2,0.4236453201970444,0.5357142857142857,0.16841434367678454,0.0,0.48316204535935614,0.9990654205607477,1.0,0.9417745726327683,instance,informative
1,0.22499999999999998,0.2,0.36363636363636365,0.35714285714285715,0.1980794028192724,0.0,0.4777144861479268,0.9990654205607477,1.0,0.6764707811099875,instance,informative
1,0.22411616161616155,0.4,0.16666666666666663,0.7857142857142857,0.24225201660091977,0.5,0.4780611720793032,0.9990654205607477,1.0,1.0560594408215744,instance,informative
1,0.28661616161616155,0.4,0.5272727272727273,0.6071428571428571,0.25132358301332747,0.5,0.4993087844676082,0.9996884735202493,1.0,1.0460856418460909,instance,informative
1,0.11688311688311692,0.0,0.36363636363636365,0.32142857142857145,0.3463080159137798,0.0,0.4617167770370272,0.9922118380062306,1.0,0.10601792456405734,instance,informative
1,0.32971014492753625,0.2,0.39682539682539686,0.39285714285714285,0.31548755534167583,0.0,0.4938776787898944,0.9993769470404984,1.0,1.019136403118938,instance,informative
1,0.0714285714285714,0.0,0.18974358974358974,0.6071428571428571,0.22452224413872457,0.0,0.4427846736424934,0.9968847352024922,1.0,0.3612155767290932,instance,informative
1,0.21326530612244898,0.2,0.2670454545454546,0.7857142857142857,0.2511751533568657,0.0,0.4996745798612151,0.9996884735202493,1.0,0.7950530069899922,instance,informative
1,0.11016949152542366,0.4,0.16666666666666663,0.7857142857142857,0.2681529582344818,0.0,0.4523250541234596,0.9993769470404984,1.0,1.245099457877685,instance,informative
1,0.12025769506084472,0.2,0.18974358974358974,0.6785714285714286,0.16534546925954585,0.0,0.4896918795337485,0.9990654205607477,1.0,0.7288857020769334,instance,informative
1,0.19327129563350032,0.0,0.2436781609195402,0.39285714285714285,0.4992285144913512,0.5,0.4776168793865405,0.9978193146417446,1.0,0.2022204555206369,instance,informative
0,0.6794871794871795,0.6,0.31472081218274117,0.35714285714285715,0.540719971287872,1.0,0.510812857480928,1.0,1.0,-0.5291672811478836,instance,informative
1,0.24285714285714288,0.2,0.2436781609195402,0.8928571428571429,0.47830641490374093,0.3333333333333333,0.47878465776414514,0.9987538940809969,1.0,0.3962520029944166,instance,informative
1,0.08333333333333326,0.4,0.18727272727272726,0.75,0.23542720951688612,0.0,0.46966890668383154,0.9996884735202493,1.0,0.8863955161983533,instance,informative
1,0.18253968253968256,0.2,0.2329749103942652,0.4642857142857143,0.24166440322418026,0.0,0.48545467540793374,0.9996884735202493,1.0,0.8334763029244484,instance,informative
1,0.07758620689655171,0.0,0.2436781609195402,0.42857142857142855,0.30099252180746294,0.0,0.45211080061699294,0.9956386292834891,1.0,0.7148211019785535,instance,informative
1,0.2947761194029851,0.4,0.18974358974358974,0.5714285714285714,0.15047205465816538,1.0,0.5436524528838298,1.0,1.0,1.1398478279488955,instance,informative
1,0.270440251572327,0.4,0.16666666666666663,0.7857142857142857,0.2754288537162133,0.0,0.48882322303388814,0.9993769470404984,1.0,1.0961768173844235,instance,informative
1,0.28661616161616155,0.2,0.326797385620915,0.5357142857142857,0.2378670232125556,0.0,0.4968753546789162,0.9996884735202493,1.0,1.098375857730189,instance,informative
1,0.16880341880341887,0.0,0.48888888888888893,0.4642857142857143,0.24177736580817,0.0,0.4798569734631801,0.9959501557632399,1.0,0.7901682077782649,instance,informative
0,0.5705128205128205,1.0,0.8102564102564103,0.6071428571428571,0.6698418382586965,1.0,0.5256126838785955,1.0,1.0,-0.28904381677204605,instance,informative
1,0.3615664845173041,0.2,0.2670454545454546,0.5714285714285714,0.5786960248354411,0.0,0.4813839656271637,0.9996884735202493,1.0,0.25754641274940987,instance,informative
1,0.14102564102564097,0.2,0.18727272727272726,0.7142857142857143,0.26225923448793453,0.0,0.4614511628093926,0.9987538940809969,1.0,0.48929003030659834,instance,informative
1,0.28205128205128205,0.2,0.18727272727272726,0.5,0.5662862948580261,0.0,0.4750780294853788,0.9987538940809969,1.0,0.4975994796308655,instance,informative
1,0.19878787878787874,0.4,0.18727272727272726,0.6071428571428571,0.20457466997219365,0.6,0.503169602673823,1.0,1.0,1.417073824102801,instance,informative
1,0.15932914046121593,0.4,0.18974358974358974,0.5357142857142857,0.3946156919029923,0.0,0.49681319095043086,0.9996884735202493,1.0,0.7569500908336921,instance,informative
1,0.23844537815126055,0.0,0.2436781609195402,0.8928571428571429,0.3057865043385225,0.0,0.47454849936315935,0.9975077881619938,1.0,0.7246133649788239,instance,informative
1,0.1822784810126582,0.0,0.18727272727272726,0.6071428571428571,0.1681814884102129,0.0,0.48206809991586563,0.997196261682243,1.0,0.6731169936383362,instance,informative
1,0.16902887139107614,0.4,0.2436781609195402,0.32142857142857145,0.16162885559171364,1.0,0.5101058261875837,1.0,1.0,0.7534485448467814,instance,informative
1,0.7872549019607843,0.2,0.16666666666666663,0.7857142857142857,0.2951337291412677,0.6666666666666666,0.5005140881379126,1.0,1.0,0.7138361219366531,instance,informative
1,0.07407407407407407,0.0,0.2329749103942652,0.35714285714285715,0.12994964398984787,0.0,0.44669820031108964,0.9940809968847352,1.0,1.3441485495148013,instance,informative
1,0.139344262295082,0.0,0.5272727272727273,0.6071428571428571,0.373724233756926,0.0,0.47796906365981684,0.9984423676012462,1.0,0.542223302998736,instance,informative
1,0.22411616161616155,0.0,0.5272727272727273,0.6071428571428571,0.3907844295516464,0.0,0.46837737387685596,0.9956386292834891,1.0,0.5774426073689761,instance,informative
1,0.33333333333333337,0.0,0.36363636363636365,0.4642857142857143,0.387629531706875,0.5,0.4656491878877561,0.9981308411214953,1.0,0.5986571463305289,instance,informative
1,0.35557299843014123,0.2,0.2670454545454546,0.7857142857142857,0.3366903397101001,0.0,0.4759294050834485,0.9993769470404984,1.0,0.4849575151076084,instance,informative
1,0.10236220472440949,0.0,0.18727272727272726,0.6071428571428571,0.19076977807540485,0.0,0.44104261861998795,0.9978193146417446,1.0,0.2317175754691016,instance,informative
1,0.35557299843014123,0.2,0.2436781609195402,0.8928571428571429,0.39494137144660346,0.5,0.5059375908665595,1.0,1.0,0.47347047293297384,instance,informative
1,0.1291208791208791,0.0,0.7536231884057971,0.35714285714285715,0.2573986009580823,0.0,0.46352072270459543,0.9940809968847352,1.0,0.4056871190018536,instance,informative
1,0.08227848101265822,0.6,0.2329749103942652,0.35714285714285715,0.17459921579798043,0.0,0.4894472909224987,0.9996884735202493,1.0,1.0987456785922318,instance,informative
1,0.2537735849056604,0.2,0.2670454545454546,0.7857142857142857,0.29904632528612796,0.0,0.4711380275195668,0.9993769470404984,1.0,0.4860935779831885,instance,informative
0,0.6717171717171717,1.0,0.8127272727272727,0.6071428571428571,0.8457559389667563,1.0,0.5221735481049845,1.0,1.0,-1.285958070050939,instance,informative
1,0.1685531496062992,0.0,0.18666666666666665,0.39285714285714285,0.14339697583311384,0.0,0.4812717644714398,0.9984423676012462,1.0,1.3623133551624886,instance,informative
1,0.17051282051282057,0.6,0.5272727272727273,0.5714285714285714,0.5928793183586571,0.5,0.48306819644646537,0.9996884735202493,1.0,-0.14087501150674872,instance,informative
1,0.07407407407407407,0.2,0.18727272727272726,0.6071428571428571,0.2770932563506646,0.5,0.5018600624146095,1.0,1.0,0.2999995747899895,instance,informative
1,0.0901639344262295,0.0,0.4236453201970444,0.7142857142857143,0.2617929658488273,0.0,0.4663794031736558,0.9981308411214953,1.0,0.6436937497393784,instance,informative
1,0.0714285714285714,0.0,0.2329749103942652,0.2857142857142857,0.22454254793170436,0.0,0.48064934467224474,0.9981308411214953,1.0,0.4517900896564521,instance,informative
1,0.15333333333333332,0.4,0.25,0.17857142857142858,0.41294808383166515,1.0,0.5048506230769237,1.0,1.0,0.9799666507651933,instance,informative
1,0.045454545454545414,0.4,0.2329749103942652,0.25,0.2609334936128166,0.5,0.4878726359404548,0.9996884735202493,1.0,0.9668136248215317,instance,informative
0,0.7649834827748938,1.0,0.7329545454545454,0.5357142857142857,0.7367417743957461,1.0,0.5411244098755936,1.0,1.0,-0.409034501868132,instance,informative
1,0.07480314960629919,0.0,0.2436781609195402,0.8928571428571429,0.22750854474912885,0.0,0.44515077955287596,0.9962616822429906,1.0,0.797491292141084,instance,informative
1,0.24942102825382118,0.2,0.4236453201970444,0.6071428571428571,0.249096765588376,0.3333333333333333,0.46207307143313814,0.9996884735202493,1.0,0.5168908397923164,instance,informative
1,0.1162046908315566,0.0,0.2436781609195402,0.8928571428571429,0.1346985654826871,0.0,0.4858470645100068,0.9968847352024922,1.0,1.1612532451951865,instance,informative
1,0.37058823529411766,0.0,0.2670454545454546,0.75,0.5779541362316306,0.0,0.4699649284790671,0.9962616822429906,1.0,0.9125254449119021,instance,informative
1,0.15333333333333332,0.0,0.2436781609195402,0.8928571428571429,0.22362097720795138,0.0,0.4655810065265834,0.9965732087227415,1.0,0.8586138764278052,instance,informative
1,0.1964285714285714,0.4,0.18727272727272726,0.6071428571428571,0.15070489391345837,0.25,0.486672294399908,0.9993769470404984,1.0,1.130989988726663,instance,informative
0,0.7431693989071038,0.8,0.6363636363636364,0.4642857142857143,0.8476105441855832,1.0,0.5385961571991122,1.0,1.0,-0.7641001753925052,instance,informative
1,0.15333333333333332,0.2,0.25,0.17857142857142858,0.1790756563675452,1.0,0.5170333239373999,1.0,1.0,0.3651398125120233,instance,informative
1,0.08333333333333326,0.4,0.18666666666666665,0.5,0.2341067794824408,0.0,0.4952862232313351,0.9993769470404984,1.0,0.8329202650863394,instance,informative
1,0.07777777777777772,0.0,0.2670454545454546,0.75,0.4465966626818201,0.0,0.454044632574068,0.9968847352024922,1.0,-0.2548887831921589,instance,informative
0,0.6309352517985611,1.0,0.4727272727272728,0.4642857142857143,0.7135311324835255,1.0,0.5382432329310357,1.0,1.0,-0.3891437306349854,instance,informative
1,0.2240740740740741,0.0,0.16666666666666663,0.7857142857142857,0.3111017642344978,0.0,0.46439796317572124,0.9984423676012462,1.0,0.7302505187476703,instance,informative
1,0.050000000000000044,0.2,0.2436781609195402,0.8928571428571429,0.23534410779912085,0.0,0.4912266529294984,0.9993769470404984,1.0,1.4071142664167946,instance,informative
1,0.08227848101265822,0.0,0.2670454545454546,0.75,0.41851020489331253,0.0,0.46343285724594985,0.9934579439252337,1.0,0.6456570474232016,instance,informative
0,0.6794871794871795,0.8,0.7329545454545454,0.75,0.6643777881173971,1.0,0.5080685588465351,1.0,1.0,-1.047095494291921,instance,informative
0,0.6309352517985611,1.0,0.4727272727272728,0.5714285714285714,0.7764854023802166,1.0,0.5279217229628179,1.0,1.0,-1.1411761658247677,instance,informative
0,0.7803680981595091,0.6,0.7670250896057348,0.6071428571428571,0.5636942133754385,0.6666666666666666,0.5010263234688197,1.0,1.0,-0.11229453311992753,instance,informative
1,0.09023066485753062,0.2,0.39682539682539686,0.4642857142857143,0.18323866784565873,0.0,0.4896323791039374,0.9993769470404984,1.0,1.1416797136593073,instance,informative
1,0.14574468085106385,0.2,0.2436781609195402,0.8928571428571429,0.27849697538304863,0.3333333333333333,0.5087869546920736,1.0,1.0,0.8187791490914239,instance,informative
1,0.1690647482014389,0.4,0.18727272727272726,0.6071428571428571,0.628644177207615,0.0,0.4734574887440466,0.9996884735202493,1.0,-0.003042682250491942,instance,informative
1,0.2940647482014389,0.4,0.18727272727272726,0.5,0.4068247158068564,0.4,0.5044114118331209,1.0,1.0,0.08225021423190679,instance,informative
0,0.6391566265060241,1.0,0.7329545454545454,0.5357142857142857,0.4390561481306341,1.0,0.515161518391329,1.0,1.0,0.07263198190141935,instance,informative
0,0.7365591397849462,0.6,0.7563218390804598,0.39285714285714285,0.6428099162179919,1.0,0.5027832891213735,1.0,1.0,-0.32629692789017745,instance,informative
1,0.17026578073089704,0.0,0.18727272727272726,0.75,0.22058080757175258,0.0,0.48312841374284343,0.9981308411214953,1.0,1.3279673490853994,instance,informative
1,0.3607287449392713,0.4,0.2329749103942652,0.2857142857142857,0.40942960427634956,0.0,0.49525587623007283,0.9990654205607477,1.0,0.35500651816343387,instance,informative
1,0.255,0.6,0.18727272727272726,0.7142857142857143,0.3452215935255809,0.0,0.4994010156956523,0.9996884735202493,1.0,0.7492924142537185,instance,informative
1,0.0,0.2,0.2436781609195402,0.35714285714285715,0.11801459883063126,0.0,0.46593449158924627,0.9996884735202493,0.975,1.170812578847752,instance,informative
1,0.4190647482014389,0.4,0.36363636363636365,0.32142857142857145,0.3363765736602573,1.0,0.5028741027477202,1.0,1.0,0.9043614430252545,instance,informative
1,0.139344262295082,0.0,0.2436781609195402,0.8928571428571429,0.44271872170636783,0.0,0.4755430875297012,0.9984423676012462,1.0,0.9176052997666474,instance,informative
0,0.7921146953405018,1.0,0.7563218390804598,0.8214285714285714,0.8674883409211066,1.0,0.5639097636270495,1.0,1.0,-1.0977046496574951,instance,informative
1,0.22411616161616155,0.2,0.16666666666666663,0.8571428571428571,0.38361680059974246,0.5,0.5081276001310486,1.0,1.0,0.1656898788796918,instance,informative
1,0.09770114942528729,0.0,0.36363636363636365,0.5,0.5288464448361819,0.0,0.4409746297408287,0.9968847352024922,1.0,0.5399784371015368,instance,informative
1,0.20833333333333326,0.0,0.18666666666666665,0.5,0.16317642513634134,0.0,0.45687220180610755,0.9968847352024922,1.0,0.6339978541298462,instance,informative
1,0.1821705426356589,0.2,0.18727272727272726,0.5,0.21921668662846783,0.0,0.492809186457311,0.9993769470404984,1.0,-0.04709221176636026,instance,informative
1,0.04477611940298509,0.0,0.2329749103942652,0.6071428571428571,0.14851753203693763,0.0,0.4934677602976171,0.9984423676012462,1.0,0.5777562210422037,instance,informative
1,0.255,0.2,0.18727272727272726,0.7142857142857143,0.16955502040697545,0.5,0.4751627548517646,0.9990654205607477,1.0,1.1393456798345554,instance,informative
1,0.18194600674915629,0.0,0.2329749103942652,0.35714285714285715,0.15587297337609457,0.0,0.45424044130720176,0.9984423676012462,1.0,0.9093684897204316,instance,informative
1,0.20752628666297723,0.0,0.2436781609195402,0.7857142857142857,0.3565096279338683,0.0,0.4818785834243122,0.9981308411214953,1.0,0.44367495355416536,instance,informative
1,0.059523809523809534,0.4,0.2670454545454546,0.7857142857142857,0.5436308184670823,1.0,0.5043418806740441,1.0,1.0,0.20375295707130073,instance,informative
0,0.7890835579514826,0.8,0.7329545454545454,0.5,0.5657047360949253,0.9090909090909091,0.5195252344488982,1.0,1.0,-0.7417474245512298,instance,informative
1,0.05769230769230771,0.2,0.18666666666666665,0.5,0.18993827042352462,0.0,0.4632469434030021,0.9987538940809969,1.0,1.128215277032969,instance,informative
0,0.825,0.8,0.4727272727272728,0.6785714285714286,0.6524698939880871,1.0,0.5111984918469432,1.0,1.0,0.009776399795290236,instance,informative
1,0.06432360742705567,0.0,0.36363636363636365,0.32142857142857145,0.4902871220078522,0.0,0.4717328453382772,0.9978193146417446,1.0,0.4601001212894072,instance,informative
1,0.21323529411764708,0.0,0.2670454545454546,0.5357142857142857,0.22688840299411484,0.0,0.48650730666413,0.9984423676012462,1.0,0.7795621182790597,instance,informative
1,0.10844155844155845,0.0,0.2670454545454546,0.7857142857142857,0.32968188138166654,0.0,0.46919415455784597,0.9978193146417446,1.0,0.5322512624317902,instance,informative
1,0.201844262295082,0.0,0.36363636363636365,0.5,0.5117349271618913,0.0,0.46791647851738705,0.9940809968847352,1.0,-0.22814713798916889,instance,informative
1,0.1923076923076923,0.0,0.2436781609195402,0.8928571428571429,0.3785455896769109,0.0,0.4877886185695012,0.9984423676012462,1.0,1.3909033962738573,instance,informative
0,0.8507936507936508,0.8,0.7329545454545454,0.7142857142857143,0.7212312322569039,1.0,0.5149710589713599,1.0,1.0,-1.1053930734286266,instance,informative
1,0.10892857142857149,0.2,0.2436781609195402,0.8928571428571429,0.19404553444749367,0.0,0.48115003405621104,0.9987538940809969,0.975,0.8101312966090635,instance,informative
0,0.6145124716553289,1.0,0.5111111111111111,0.42857142857142855,0.6674589148764999,1.0,0.5378936903314189,1.0,1.0,-1.193813177180141,instance,informative
1,0.2537735849056604,0.2,0.18974358974358974,0.6785714285714286,0.3483969746270046,1.0,0.5126303229117578,1.0,1.0,0.23438814121765217,instance,informative
0,0.7773224043715847,1.0,0.7563218390804598,0.4642857142857143,0.5274393168707278,1.0,0.5190706592089023,1.0,1.0,-0.3593906042257564,instance,informative
1,0.08333333333333326,0.0,0.2329749103942652,0.6071428571428571,0.19198622225471063,0.0,0.4784638922867501,0.9965732087227415,1.0,0.13400997998166428,instance,informative
1,0.13749999999999996,0.2,0.48888888888888893,0.4642857142857143,0.27972092899696277,0.0,0.4744417570203314,0.9993769470404984,1.0,0.7191249651110483,instance,informative
0,0.6538461538461539,1.0,0.5111111111111111,0.6071428571428571,0.5223924834336149,1.0,0.5432159199071558,1.0,1.0,-0.2802325607542636,instance,informative
1,0.2862985685071575,0.2,0.2329749103942652,0.6071428571428571,0.34599170426681525,0.0,0.4869126317830691,0.9990654205607477,1.0,0.7525669883406004,instance,informative
1,0.18550368550368546,0.2,0.2670454545454546,0.6071428571428571,0.5902572027722369,0.0,0.4867154966716011,0.9987538940809969,1.0,0.4650160645004206,instance,informative
1,0.17026578073089704,0.4,0.2436781609195402,0.6071428571428571,0.3539272862731065,0.25,0.4500708391838195,0.9993769470404984,1.0,0.6788730956273327,instance,informative
1,0.201844262295082,0.0,0.2436781609195402,0.39285714285714285,0.27359903187934265,0.0,0.47197288696041617,0.9984423676012462,1.0,0.04816236251739262,instance,informative
1,0.19655497876356764,0.2,0.2436781609195402,0.8928571428571429,0.43456956050637274,0.0,0.46846085143603267,0.9987538940809969,1.0,-0.24165422476080753,instance,informative
1,0.07499999999999996,0.4,0.18974358974358974,0.6785714285714286,0.25994847500158624,1.0,0.5077835789270119,1.0,1.0,1.3011525438979792,instance,informative
1,0.20752628666297723,0.2,0.6852791878172588,0.32142857142857145,0.5005858661089885,0.0,0.4974692789173545,0.9996884735202493,1.0,-0.059058790654161177,instance,informative
1,0.1298701298701299,0.2,0.2329749103942652,0.35714285714285715,0.23129550063763504,0.0,0.4772617670625583,0.9987538940809969,1.0,0.6288602154641091,instance,informative
0,0.6757142857142857,0.8,0.7670250896057348,0.5357142857142857,0.8166113251612407,0.3333333333333333,0.4725308835451155,0.9994407158836689,1.0,-0.9250818746223961,instance,informative
1,0.270440251572327,0.0,0.2670454545454546,0.7857142857142857,0.308271794353982,0.0,0.47459812215815833,0.9984423676012462,1.0,0.7728243327790028,instance,informative
1,0.270440251572327,0.0,0.2670454545454546,0.7857142857142857,0.2052111600787908,0.0,0.46774392336258697,0.9968847352024922,1.0,1.1275168317307296,instance,informative
1,0.050000000000000044,0.2,0.2436781609195402,0.8928571428571429,0.2671747031229401,0.0,0.49345366692153514,0.9996884735202493,1.0,1.207056048730874,instance,informative
1,0.04477611940298509,0.2,0.2670454545454546,0.75,0.6557430745199971,0.0,0.4767582965317899,0.9987538940809969,1.0,0.1419122471004698,instance,informative
1,0.06432360742705567,0.2,0.48888888888888893,0.4642857142857143,0.2810958193029768,0.3333333333333333,0.49417077910720364,0.9990654205607477,1.0,0.8542238379642916,instance,informative
1,0.17480314960629917,0.0,0.326797385620915,0.5,0.3781716879750453,0.0,0.45618523699820757,0.9965732087227415,1.0,0.17876911785405744,instance,informative
1,0.24018838304552592,0.4,0.5272727272727273,0.5,0.36049821287202255,0.5,0.5015236190171548,1.0,1.0,0.7511718524414581,instance,informative
1,0.17352941176470593,0.0,0.18974358974358974,0.6785714285714286,0.16937509939374434,0.0,0.44695450297662853,0.9981308411214953,1.0,0.6266851249303478,instance,informative
1,0.164983164983165,0.2,0.36363636363636365,0.4642857142857143,0.20148349819168587,0.0,0.47593068586210596,0.9987538940809969,1.0,0.8914395049433207,instance,informative
1,0.1923076923076923,0.6,0.326797385620915,0.5714285714285714,0.3053741169381023,0.5714285714285714,0.46167877971396276,0.9993769470404984,1.0,1.0039277547422976,instance,informative
1,0.07480314960629919,0.0,0.36363636363636365,0.42857142857142855,0.16612909571737855,0.0,0.4611941574576941,0.9959501557632399,1.0,0.2411424088384863,instance,informative
1,0.03749999999999998,0.2,0.18727272727272726,0.75,0.4443005872900907,0.0,0.4954487154204906,0.9993769470404984,0.95,0.6010865605550316,instance,informative
1,0.10952380952380958,0.0,0.2670454545454546,0.7857142857142857,0.23007754023622073,0.0,0.4826088251442898,0.9984423676012462,1.0,0.6835220563864964,instance,informative
1,0.16842105263157903,0.0,0.2329749103942652,0.6785714285714286,0.4734385866894538,0.0,0.46218869520258754,0.9978193146417446,1.0,0.5985321974278192,instance,informative
1,0.1333333333333333,0.4,0.5272727272727273,0.6071428571428571,0.1624559192718798,0.25,0.4801829409998831,0.9993769470404984,1.0,1.0284226854709202,instance,informative
1,0.22044334975369462,0.0,0.18727272727272726,0.6428571428571429,0.2904269813999233,0.0,0.47199293932663156,0.9981308411214953,1.0,0.729205654532413,instance,informative
1,0.11321721311475408,0.2,0.18727272727272726,0.6071428571428571,0.3324087435406946,0.0,0.4673375026069805,0.9987538940809969,1.0,0.7586914584055,instance,informative
0,0.7921146953405018,1.0,0.6031746031746033,0.42857142857142855,0.8695677677723902,1.0,0.5170529812394051,1.0,0.975,-1.0795086569047712,instance,informative
1,0.2116161616161616,0.2,0.18727272727272726,0.5357142857142857,0.29686450939634346,0.0,0.49085915470691543,0.9996884735202493,1.0,1.2269443301997418,instance,informative
0,0.8051948051948052,1.0,0.8102564102564103,0.7142857142857143,0.7488675721547199,1.0,0.5512062426940505,1.0,1.0,-1.2922271755152719,instance,informative
1,0.1777777777777778,0.4,0.2670454545454546,0.42857142857142855,0.21681913108653028,0.0,0.4788046493050827,0.9996884735202493,1.0,0.6888960924547798,instance,informative
0,0.5867346938775511,1.0,0.8127272727272727,0.5,0.7553885610977445,1.0,0.524846835788392,1.0,1.0,-1.1003309663526413,instance,informative
1,0.1529652351738241,0.0,0.18974358974358974,0.6071428571428571,0.19854082365139486,0.0,0.4568043760810645,0.9956386292834891,1.0,1.6937848503086073,instance,informative
0,0.6462994836488812,1.0,0.7329545454545454,0.5,0.6308430844251705,1.0,0.5346944456909196,1.0,1.0,-0.5602774141510687,instance,informative
1,0.07499999999999996,0.2,0.2329749103942652,0.2857142857142857,0.16152366322155942,0.0,0.4875151479265376,0.9990654205607477,1.0,1.3591238881229544,instance,informative
1,0.24425287356321834,0.2,0.4236453201970444,0.4642857142857143,0.13959558543955014,0.0,0.49067271970568593,0.9990654205607477,1.0,1.7687171520800216,instance,informative
1,0.07317073170731714,0.2,0.6852791878172588,0.39285714285714285,0.31152300818143086,0.0,0.4869408388659059,0.9987538940809969,1.0,1.0218664047940018,instance,informative
1,0.14588377723970947,0.0,0.4236453201970444,0.6785714285714286,0.31528489914212443,0.0,0.47476458754283013,0.9956386292834891,1.0,0.29045495291992374,instance,informative
1,0.18253968253968256,0.0,0.2436781609195402,0.42857142857142855,0.1737784940085625,0.0,0.47693006261951254,0.9956386292834891,1.0,1.0898831493063268,instance,informative
0,0.6536796536796536,0.8,0.8127272727272727,0.5714285714285714,0.7307283198628074,0.6666666666666666,0.5173862381368548,1.0,1.0,-1.4306578110992139,instance,informative
0,0.6384335154826959,0.8,0.6363636363636364,0.39285714285714285,0.3056735908791072,1.0,0.5437718265257483,1.0,1.0,0.26956703778415525,instance,informative
1,0.09677419354838712,0.0,0.2436781609195402,0.8928571428571429,0.15883089601195233,0.0,0.4673287276398891,0.997196261682243,1.0,1.2271774941893465,instance,informative
1,0.1529652351738241,0.0,0.18727272727272726,0.5,0.510535292817045,0.0,0.46135962259669516,0.9965732087227415,1.0,0.5445185777770878,instance,informative
1,0.025862068965517238,0.0,0.18727272727272726,0.75,0.12455613468296223,0.0,0.4693949349561114,0.9965732087227415,1.0,1.204466410803116,instance,informative
1,0.025000000000000022,0.0,0.2329749103942652,0.2857142857142857,0.14859928844883646,0.0,0.43292555464226656,0.9950155763239875,1.0,2.099621748137554,instance,informative
0,0.7726377952755905,0.8,0.7563218390804598,0.7142857142857143,0.7856299163878454,1.0,0.5138220944785242,1.0,1.0,-0.968706609603531,instance,informative
1,0.125,0.0,0.36363636363636365,0.32142857142857145,0.2145273972938596,0.0,0.4865022797740681,0.9984423676012462,1.0,0.8217572973387909,instance,informative
1,0.14459930313588854,0.4,0.2670454545454546,0.75,0.4291486507062099,1.0,0.5114981354496226,1.0,1.0,0.3729884119895923,instance,informative
1,0.525,0.4,0.36363636363636365,0.32142857142857145,0.4122735333496623,0.5,0.484185465022689,0.9993769470404984,1.0,0.19953442650650052,instance,informative
1,0.08333333333333326,0.2,0.2436781609195402,0.6428571428571429,0.309495807429494,0.0,0.4910682202757579,0.9987538940809969,1.0,0.8075648051330958,instance,informative
1,0.22652757078986585,0.0,0.4236453201970444,0.7142857142857143,0.2708565066068046,0.0,0.40481007117479106,0.9978193146417446,1.0,0.6642499405631096,instance,informative
1,0.0,0.4,0.36363636363636365,0.35714285714285715,0.12825681553822543,0.0,0.4781703105734575,0.9990654205607477,0.975,0.3127498986159238,instance,informative
1,0.24942102825382118,0.2,0.36363636363636365,0.4642857142857143,0.3201661061568535,0.0,0.48364280351705924,0.9993769470404984,1.0,0.48347581791101607,instance,informative
0,0.7375886524822695,1.0,0.6363636363636364,0.5,0.5377929800323303,1.0,0.5195334648209557,1.0,1.0,-0.4269220493628845,instance,informative
1,0.34632034632034636,0.0,0.18727272727272726,0.6071428571428571,0.3256231363147535,0.2,0.4582537820554131,0.997196261682243,1.0,0.9823005662505192,instance,informative
1,0.23809523809523814,0.0,0.48888888888888893,0.7142857142857143,0.3068656637775004,0.0,0.46556229314579844,0.997196261682243,1.0,0.5840450230043164,instance,informative
1,0.20296523517382403,0.4,0.2436781609195402,0.8928571428571429,0.19065297010846738,0.5,0.5281398762122009,1.0,1.0,0.749223762421866,instance,informative
1,0.0957446808510638,0.0,0.4236453201970444,0.7142857142857143,0.3050750776059089,0.0,0.47404046163975666,0.997196261682243,1.0,0.5186146358293424,instance,informative
1,0.2401372212692967,0.2,0.4236453201970444,0.6428571428571429,0.18313500522389353,1.0,0.5080432119473092,1.0,0.975,0.7873771989757699,instance,informative
1,0.08227848101265822,0.2,0.6852791878172588,0.25,0.3357124432892351,0.0,0.4788659494736791,0.9993769470404984,1.0,0.6183991801347165,instance,informative
1,0.3992946708463949,0.4,0.25,0.17857142857142858,0.6679143228890333,0.0,0.4926788495669904,0.9993769470404984,1.0,0.35946260394264357,instance,informative
1,0.23983739837398377,0.2,0.2670454545454546,0.75,0.37825944877444284,0.0,0.4742203016661428,0.9990654205607477,1.0,0.8082431634047378,instance,informative
1,0.08823529411764708,0.0,0.2670454545454546,0.7857142857142857,0.18422006373160604,0.0,0.45786058778316996,0.9956386292834891,1.0,0.9247929403310762,instance,informative
1,0.0,0.2,0.2329749103942652,0.35714285714285715,0.12982302230544912,0.0,0.4922348563740375,0.9987538940809969,0.975,1.372586104729758,instance,informative
0,0.5495689655172413,0.8,0.7329545454545454,0.75,0.6072620001371355,1.0,0.5036751457013877,1.0,1.0,-0.563346874440275,instance,informative
0,0.8470347648261759,1.0,0.6363636363636364,0.35714285714285715,0.7129561350428338,1.0,0.5323681077576855,1.0,1.0,-0.8349626673659468,instance,informative
1,0.10377358490566035,0.0,0.2670454545454546,0.6071428571428571,0.317076265140145,0.0,0.48251884352760455,0.9984423676012462,1.0,0.9976835051690749,instance,informative
1,0.3538461538461539,0.0,0.2436781609195402,0.5,0.2949703094366102,0.0,0.47796891848084133,0.9975077881619938,1.0,0.7736019047988851,instance,informative
1,0.20752628666297723,0.0,0.2670454545454546,0.7857142857142857,0.4323236637444623,0.0,0.4641183819298281,0.9968847352024922,1.0,-0.03564007169729683,instance,informative
1,0.34626436781609193,0.2,0.2670454545454546,0.6071428571428571,0.562373003399761,0.0,0.4718271728094634,0.9990654205607477,0.975,0.8819617217859519,instance,informative
1,0.1162046908315566,0.0,0.2670454545454546,0.75,0.3021905353290891,0.0,0.48518496905780395,0.9984423676012462,1.0,1.6551122913360965,instance,informative
1,0.13227848101265827,0.2,0.2436781609195402,0.42857142857142855,0.4376946066209191,0.0,0.4764703829990713,0.9987538940809969,1.0,0.23489417732535423,instance,informative
0,0.8718905472636815,0.8,0.7329545454545454,0.5357142857142857,0.5760692925270454,1.0,0.5010122292638632,1.0,1.0,-0.4410180834752926,instance,informative
1,0.16602316602316602,0.2,0.2436781609195402,0.35714285714285715,0.2327492599425195,0.5,0.5025857145706227,1.0,1.0,0.6771818621783985,instance,informative
1,0.11321721311475408,0.0,0.16666666666666663,0.7857142857142857,0.2823672200978775,0.0,0.47071446279816287,0.9975077881619938,1.0,0.43815488746587844,instance,informative
0,0.689156626506024,0.8,0.5763546798029557,0.6071428571428571,0.7668955353790755,1.0,0.5248264269044729,1.0,1.0,-1.172018656287197,instance,informative
1,0.13183060109289624,0.2,0.4236453201970444,0.7142857142857143,0.5381440367470046,0.0,0.49807256073803075,0.9993769470404984,1.0,0.43817233232564345,instance,informative
1,0.08333333333333326,0.4,0.16666666666666663,0.7857142857142857,0.25382194945393766,1.0,0.5046896762905901,1.0,1.0,1.5209478624824944,instance,informative
1,0.0,0.2,0.2670454545454546,0.4642857142857143,0.39812735214291917,0.0,0.45964432924503995,0.9990654205607477,0.975,0.6156108536577658,instance,informative
1,0.26436781609195403,0.2,0.18727272727272726,0.7142857142857143,0.15025440921057093,0.0,0.48696368855212546,0.9987538940809969,1.0,1.1763721392654283,instance,informative
1,0.270440251572327,0.4,0.4236453201970444,0.6428571428571429,0.33010580749270524,0.5,0.5020508326506138,1.0,1.0,0.6058392282778976,instance,informative
1,0.10377358490566035,0.4,0.2670454545454546,0.6071428571428571,0.3789891266348272,0.0,0.4941061818334702,0.9996884735202493,1.0,0.856035009660612,instance,informative
1,0.1690647482014389,0.0,0.2436781609195402,0.8928571428571429,0.16942601339897517,0.0,0.4352831846703782,0.9925233644859813,1.0,1.3456971449394546,instance,informative
1,0.22111111111111104,0.2,0.2436781609195402,0.39285714285714285,0.4486644768234608,0.0,0.47300194329288847,0.9990654205607477,1.0,0.4119392787650937,instance,informative
1,0.1478167501789549,0.2,0.7536231884057971,0.35714285714285715,0.30937518332878644,0.3125,0.5041015319974937,1.0,1.0,0.5702784889895018,instance,informative
0,0.7839262187088274,0.6,0.5111111111111111,0.5357142857142857,0.5826823214695219,0.4,0.5144915580073253,1.0,1.0,-1.022179019595132,instance,informative
1,0.19480519480519476,0.2,0.18727272727272726,0.4642857142857143,0.33145305460347385,0.0,0.4986114611164406,0.9996884735202493,1.0,0.7481655983266188,instance,informative
1,0.19106047326906217,0.8,0.18727272727272726,0.6071428571428571,0.3228787935311409,0.3333333333333333,0.5254841903296145,1.0,1.0,0.5680712068714693,instance,informative
0,0.661734693877551,0.8,0.7329545454545454,0.7142857142857143,0.64313276884302,0.6666666666666666,0.5077501946733665,1.0,1.0,-0.8719372745730025,instance,informative
1,0.05769230769230771,0.0,0.18666666666666665,0.4642857142857143,0.12348400753619104,0.0,0.42650384664846397,0.9959501557632399,1.0,0.9399976255875605,instance,informative
1,0.14588377723970947,0.2,0.2670454545454546,0.7857142857142857,0.3148709055250748,1.0,0.524143845879194,1.0,1.0,1.0037141293441743,instance,informative
1,0.3028846153846154,0.0,0.18727272727272726,0.7142857142857143,0.23825363962331758,0.0,0.48421332270393036,0.9984423676012462,1.0,0.858223679981063,instance,informative
1,0.19999999999999996,0.0,0.2329749103942652,0.39285714285714285,0.13769598072548178,0.0,0.45870374191620567,0.9956386292834891,1.0,0.7548644897360424,instance,informative
1,0.2227011494252873,0.0,0.18666666666666665,0.5,0.2006660719589335,0.3333333333333333,0.48667593828803124,0.9984423676012462,1.0,1.1484546152451418,instance,informative
1,0.1529652351738241,0.2,0.18727272727272726,0.6071428571428571,0.2169473960252976,0.0,0.4851853969586908,0.9990654205607477,1.0,0.6252238251800594,instance,informative
1,0.24456521739130432,0.2,0.2329749103942652,0.2857142857142857,0.29444978706933034,0.0,0.49521338254978053,0.9993769470404984,1.0,0.6768664329928527,instance,informative
1,0.32971014492753625,0.4,0.6896551724137931,0.42857142857142855,0.42800795552634385,0.0,0.48918205977261175,0.9993769470404984,1.0,0.2710497095043989,instance,informative
1,0.07480314960629919,0.0,0.7719298245614035,0.42857142857142855,0.19573239070455478,0.0,0.490221178448223,0.997196261682243,1.0,1.2899150313236274,instance,informative
1,0.0,0.2,0.18727272727272726,0.75,0.2481169452762243,0.0,0.4831282322145174,0.9990654205607477,1.0,1.072993359808888,instance,informative
1,0.19999999999999996,0.2,0.2329749103942652,0.32142857142857145,0.2753493109819919,1.0,0.5022393139830934,1.0,1.0,1.1251762408631532,instance,informative
1,0.28661616161616155,0.4,0.2436781609195402,0.5,0.24911061678508772,0.5,0.42512922379720985,0.9990654205607477,1.0,0.5334511094780457,instance,informative
1,0.08196721311475408,0.2,0.2436781609195402,0.39285714285714285,0.3273860466764008,0.0,0.4733702858058927,0.9990654205607477,1.0,0.2630172412699624,instance,informative
1,0.16326530612244894,0.0,0.18727272727272726,0.75,0.20540608431166724,0.0,0.4748907572522183,0.9928348909657321,1.0,0.6683797514883043,instance,informative
1,0.12810945273631846,0.2,0.2670454545454546,0.5357142857142857,0.18870961240094175,0.0,0.48157623097633506,0.9993769470404984,0.975,0.6665247270293624,instance,informative
1,0.2890888638920135,0.0,0.2436781609195402,0.8928571428571429,0.19461349565334507,0.0,0.40116268011805256,0.9981308411214953,1.0,0.7847602511681746,instance,informative
1,0.270440251572327,0.4,0.18666666666666665,0.5,0.4619550169837511,1.0,0.577235956761263,1.0,1.0,0.33857183828638876,instance,informative
1,0.19907407407407407,0.0,0.2329749103942652,0.4642857142857143,0.30048668678252477,0.0,0.4344466834124854,0.9975077881619938,1.0,0.8157428047899633,instance,informative
1,0.15113871635610776,0.0,0.08333333333333337,0.10714285714285714,0.6076329732182424,0.0,0.46712843254496095,0.9965732087227415,1.0,0.12302541736698172,instance,informative
1,0.2195652173913043,0.0,0.2329749103942652,0.2857142857142857,0.14176430860987665,0.0,0.4695183382706104,0.9975077881619938,0.975,1.0655132091068953,instance,informative
1,0.23963133640553003,0.2,0.4236453201970444,0.4642857142857143,0.2635559251422649,0.0,0.47830808709928474,0.9990654205607477,0.975,0.5758296777116209,instance,informative
1,0.2666666666666666,0.2,0.7719298245614035,0.42857142857142855,0.2893267350830975,0.0,0.46829093485212514,0.9990654205607477,1.0,0.7903557802497404,instance,informative
1,0.11321721311475408,0.2,0.16666666666666663,0.7857142857142857,0.3884983757075843,0.6666666666666666,0.4890372126694883,0.9990654205607477,1.0,0.9554986474643048,instance,informative
1,0.3533333333333333,0.6,0.326797385620915,0.5,0.2084103002230292,0.5,0.5176488699570351,1.0,1.0,1.074610163156559,instance,informative
1,0.17051282051282057,0.2,0.2436781609195402,0.7857142857142857,0.4035866184899777,0.0,0.4838966274064066,0.9990654205607477,1.0,0.8622437518234496,instance,informative
1,0.17500000000000004,0.0,0.18974358974358974,0.6785714285714286,0.2873311741483263,0.0,0.44057716772817435,0.9978193146417446,1.0,0.6762176896540487,instance,informative
1,0.22619047619047628,0.4,0.2329749103942652,0.5357142857142857,0.2220266474158481,1.0,0.5036406270610936,1.0,1.0,0.1812368706722622,instance,informative
1,0.37058823529411766,0.2,0.4236453201970444,0.7142857142857143,0.5055909814233227,0.0,0.4880269166688629,0.9990654205607477,1.0,0.5991751787833116,instance,informative
1,0.2628205128205128,0.0,0.2436781609195402,0.8928571428571429,0.20208205014019354,0.0,0.4671846384072227,0.9962616822429906,1.0,0.6875786893926024,instance,informative
1,0.07971014492753625,0.2,0.2329749103942652,0.5357142857142857,0.2561922751994491,1.0,0.5133191977713634,1.0,1.0,0.9028895303606103,instance,informative
0,0.725,0.6,0.6363636363636364,0.35714285714285715,0.7474620888186864,0.0,0.47394899008504554,0.9994407158836689,1.0,-0.3880820332310623,instance,informative
0,0.7924737133370227,0.8,0.5111111111111111,0.6071428571428571,0.514929616736845,1.0,0.5165122278640337,1.0,1.0,-0.6901191292910719,instance,informative
1,0.3615664845173041,0.0,0.2670454545454546,0.7857142857142857,0.46209171386881087,0.5,0.47159539544194506,0.9984423676012462,1.0,0.2725211154354964,instance,informative
0,0.8251968503937008,1.0,0.8127272727272727,0.35714285714285715,0.6743642805860771,1.0,0.5672704073798923,1.0,1.0,-1.020424875770172,instance,informative
1,0.18213190184049077,0.0,0.2329749103942652,0.6785714285714286,0.16899955264745498,0.0,0.4810787545171238,0.9981308411214953,1.0,1.3044180248318504,instance,informative
0,0.6444270015698588,0.6,0.8127272727272727,0.5,0.829980034125826,0.0,0.4880239516587894,0.9994407158836689,1.0,-1.0792291343845861,instance,informative
1,0.07407407407407407,0.0,0.16666666666666663,0.7857142857142857,0.281753974449764,0.0,0.4732207732127368,0.9981308411214953,1.0,1.51720623408438,instance,informative
1,0.0,0.0,0.326797385620915,0.5357142857142857,0.13327856907615493,0.0,0.4576654040540188,0.9956386292834891,1.0,1.3318493105331835,instance,informative
1,0.15476190476190477,0.2,0.2670454545454546,0.7857142857142857,0.12351119700148777,0.0,0.48120527099078547,0.9987538940809969,1.0,1.1210524736040859,instance,informative
1,0.17142857142857149,0.2,0.2329749103942652,0.5714285714285714,0.19359591910649626,0.0,0.4652890691591438,0.9987538940809969,1.0,0.9612716047965909,instance,informative
1,0.11604774535809015,0.2,0.36363636363636365,0.5,0.462863097113153,0.0,0.47030777938749235,0.9990654205607477,1.0,0.24729467190271404,instance,informative
1,0.14027777777777772,0.0,0.18727272727272726,0.7142857142857143,0.23155704252026732,0.0,0.4547882653229196,0.9931464174454828,1.0,0.7882297966033533,instance,informative
1,0.23984962406015042,0.2,0.2436781609195402,0.42857142857142855,0.25030450368525015,0.3333333333333333,0.5034499504837853,1.0,1.0,0.6765794024461854,instance,informative
1,0.19106047326906217,0.0,0.2329749103942652,0.6785714285714286,0.19742775731934886,0.0,0.48202713654078444,0.9978193146417446,1.0,0.8245808612248334,instance,informative
0,0.5809352517985611,1.0,0.7329545454545454,0.5,0.8461361165179067,1.0,0.5541407250314236,1.0,1.0,-0.873996833664747,instance,informative
1,0.0,0.4,0.2436781609195402,0.8928571428571429,0.2699101329212701,1.0,0.5086298436201874,1.0,1.0,0.340535946240074,instance,informative
1,0.1964285714285714,0.0,0.18727272727272726,0.7142857142857143,0.16290516303563257,0.5,0.42629996182871244,0.9984423676012462,1.0,1.1422565816297636,instance,informative
1,0.22267759562841527,0.0,0.2670454545454546,0.7857142857142857,0.32330795413307334,0.0,0.4636578996466568,0.9965732087227415,1.0,0.21015215862751105,instance,informative
1,0.14574468085106385,0.2,0.2436781609195402,0.5,0.24791612875996938,0.3333333333333333,0.49337091634662533,0.9993769470404984,1.0,0.1294876244377827,instance,informative
0,0.630050505050505,1.0,0.6363636363636364,0.35714285714285715,0.7752901678448342,1.0,0.5406663343962221,1.0,1.0,-0.9001930446145882,instance,informative
1,0.17480314960629917,0.2,0.18666666666666665,0.5,0.3262942265359247,0.0,0.4727869398200416,0.9987538940809969,1.0,0.7435670364357321,instance,informative
1,0.09883720930232553,0.0,0.18727272727272726,0.7142857142857143,0.1876156998124726,0.0,0.448780629814,0.9937694704049844,1.0,1.068673852402714,instance,informative
1,0.27334337349397586,0.0,0.2670454545454546,0.7142857142857143,0.1381288324776036,0.0,0.44587118371442525,0.9975077881619938,1.0,1.1001290725393447,instance,informative
1,0.19307832422586513,0.0,0.2670454545454546,0.5357142857142857,0.20139138126587758,0.0,0.4909759092966669,0.9981308411214953,1.0,0.8833695227380207,instance,informative
1,0.13227848101265827,0.0,0.18727272727272726,0.6071428571428571,0.34123847064259316,0.0,0.4681097555405138,0.997196261682243,1.0,0.03849332361295395,instance,informative
1,0.2401372212692967,0.8,0.2670454545454546,0.5,0.28098516306694676,0.0,0.49596205796873527,0.9996884735202493,1.0,0.4017859881508783,instance,informative
0,0.6166495375128469,0.8,0.4727272727272728,0.5714285714285714,0.7243616919334647,0.5,0.5021934340191531,1.0,1.0,-0.6255651336929415,instance,informative
1,0.05844155844155852,0.2,0.4236453201970444,0.7142857142857143,0.3014035849638187,0.5,0.5021949052053319,1.0,1.0,0.8012467277765111,instance,informative
1,0.12810945273631846,0.2,0.7719298245614035,0.42857142857142855,0.14775209124795108,0.0,0.49642837537224715,0.9996884735202493,1.0,1.0053492649588218,instance,informative
1,0.1923076923076923,0.0,0.326797385620915,0.5714285714285714,0.33139330664789435,0.16666666666666666,0.42849518450735546,0.9950155763239875,1.0,0.9239829822465628,instance,informative
1,0.1529652351738241,0.0,0.18727272727272726,0.6071428571428571,0.138660057654228,0.0,0.47630045620429695,0.9965732087227415,1.0,1.270174368009965,instance,informative
1,0.21084337349397586,0.2,0.2670454545454546,0.7857142857142857,0.5944335246895435,0.0,0.4736789555557852,0.9996884735202493,1.0,0.31329797739985793,instance,informative
0,0.8178680981595092,0.6,0.8127272727272727,0.35714285714285715,0.7876262273327206,1.0,0.5076195993456531,1.0,1.0,-0.5489010078043223,instance,informative
1,0.17948717948717952,0.2,0.2436781609195402,0.75,0.1919041596359211,0.3333333333333333,0.5105310082012853,1.0,1.0,0.7007204065404615,instance,informative
1,0.1478167501789549,0.2,0.2329749103942652,0.35714285714285715,0.2559052803482157,0.5,0.5021140059173945,1.0,1.0,0.443337691313384,instance,informative
1,0.14027777777777772,0.0,0.2436781609195402,0.39285714285714285,0.16912026114185608,0.0,0.45474767853140696,0.9975077881619938,1.0,0.6190705253733303,instance,informative
1,0.35557299843014123,0.0,0.16666666666666663,0.7857142857142857,0.29218537472540385,0.0,0.4745955438574958,0.997196261682243,1.0,0.7719053061816444,instance,informative
1,0.08227848101265822,0.0,0.18727272727272726,0.6071428571428571,0.19995391768416082,0.0,0.43570435440989397,0.9940809968847352,0.975,1.039147902305449,instance,informative
1,0.07777777777777772,0.4,0.2670454545454546,0.7857142857142857,0.19789204384476972,0.0,0.49355330964040045,0.9996884735202493,1.0,0.33332826883593775,instance,informative
1,0.17352941176470593,0.4,0.18974358974358974,0.6071428571428571,0.24008503107812051,0.2,0.47925899983495,0.9990654205607477,1.0,0.7380912165244472,instance,informative
1,0.20685579196217496,0.0,0.18727272727272726,0.7142857142857143,0.2739493566046809,0.0,0.4782129700112574,0.997196261682243,1.0,0.2990801905275181,instance,informative
1,0.07317073170731714,0.0,0.39682539682539686,0.39285714285714285,0.25311011295699004,0.0,0.4893779657394368,0.9981308411214953,1.0,1.2495761152385374,instance,informative
1,0.24942102825382118,0.4,0.2436781609195402,0.42857142857142855,0.5276005923886194,1.0,0.5043364224814311,1.0,1.0,0.32313587330803706,instance,informative
1,0.873015873015873,0.6,0.2436781609195402,0.6071428571428571,0.4624072370397844,0.5,0.5092010621097975,1.0,1.0,7.185189051100878e-05,instance,informative
1,0.045454545454545414,0.2,0.36363636363636365,0.32142857142857145,0.2977500721114952,0.0,0.49318676695644326,0.9993769470404984,1.0,0.8055291042148328,instance,informative
0,0.7557471264367817,1.0,0.6363636363636364,0.35714285714285715,0.7831577656524601,1.0,0.5223660205458486,1.0,1.0,-0.8351653370521254,instance,informative
1,0.16326530612244894,0.0,0.18727272727272726,0.7142857142857143,0.15431060714780998,0.0,0.4812656956738596,0.997196261682243,1.0,0.4879182954618482,instance,informative
1,0.04477611940298509,0.0,0.18974358974358974,0.6785714285714286,0.41979286885389866,0.0,0.45702860568526127,0.9968847352024922,1.0,0.3062547186038494,instance,informative
1,0.15217391304347827,0.0,0.18727272727272726,0.6071428571428571,0.1845166071785197,0.0,0.4355663249968099,0.9968847352024922,1.0,1.0890836513108209,instance,informative
1,0.04477611940298509,0.2,0.18666666666666665,0.5,0.15681738132430584,0.0,0.4963877110501117,0.9996884735202493,1.0,0.045599704019118226,instance,informative
1,0.17480314960629917,0.0,0.18727272727272726,0.6071428571428571,0.18796984008194573,0.0,0.480406873888384,0.9978193146417446,1.0,0.9221639556078082,instance,informative
1,0.13,0.2,0.2329749103942652,0.6785714285714286,0.2758989580592961,0.0,0.49028244610896343,0.9987538940809969,1.0,0.33033698331078065,instance,informative
1,0.0,0.0,0.7840909090909091,0.14285714285714285,0.30548591560634486,0.0,0.4832157268031053,0.9978193146417446,1.0,0.8188110282976903,instance,informative
1,0.14027777777777772,0.2,0.18727272727272726,0.7142857142857143,0.13317126609092111,0.0,0.48833198853390414,0.9990654205607477,1.0,1.1211171699455127,instance,informative
1,0.15113871635610776,0.0,0.2670454545454546,0.75,0.6327773363954357,0.0,0.46418437189297335,0.9962616822429906,1.0,0.03154197768126417,instance,informative
1,0.20238095238095233,0.2,0.18974358974358974,0.6785714285714286,0.22916774825178843,0.0,0.46239387166734125,0.9996884735202493,1.0,0.005795554686314077,instance,informative
1,0.21084337349397586,0.2,0.2329749103942652,0.2857142857142857,0.3262622190123725,0.0,0.48980340808447587,0.9993769470404984,1.0,0.37536348221550014,instance,informative
1,0.1690647482014389,0.4,0.18727272727272726,0.7142857142857143,0.25342668087808695,0.14285714285714285,0.4971525451839166,0.9993769470404984,1.0,0.39799887602795536,instance,informative
1,0.23809523809523814,0.0,0.48888888888888893,0.7142857142857143,0.4640383211537711,0.0,0.4576874575477221,0.9975077881619938,1.0,0.691256311264785,instance,informative
1,0.15476190476190477,0.2,0.2436781609195402,0.5714285714285714,0.1677147280389546,1.0,0.5003396570225173,1.0,1.0,0.7782660859672377,instance,informative
1,0.06432360742705567,0.2,0.2329749103942652,0.6785714285714286,0.2105385614430597,0.0,0.4842446183513076,0.9987538940809969,1.0,1.0525191173574258,instance,informative
1,0.025000000000000022,0.0,0.2436781609195402,1.0,0.13936005806171564,0.0,0.438456906660708,0.9950155763239875,1.0,0.6801032981584649,instance,informative
1,0.389344262295082,0.4,0.2670454545454546,0.7857142857142857,0.35021432230638255,0.3333333333333333,0.5091791033718744,1.0,1.0,1.0869972215513608,instance,informative
1,0.05844155844155852,0.0,0.16666666666666663,0.7857142857142857,0.3049986950072673,0.0,0.480425016978841,0.9981308411214953,1.0,1.1611599864076936,instance,informative
1,0.19615384615384612,0.4,0.2670454545454546,0.75,0.387559652588084,0.3333333333333333,0.501631945491263,1.0,1.0,0.9431621998688471,instance,informative
0,0.8582251082251082,0.8,0.8127272727272727,0.6785714285714286,0.5393978430772263,0.0,0.49500882566887394,0.9994407158836689,1.0,-0.7702689284419231,instance,informative
0,0.8035714285714286,1.0,0.8127272727272727,0.5357142857142857,0.7659439669286017,1.0,0.5414031299835012,1.0,1.0,-0.8849615431919314,instance,informative
1,0.124074074074074,0.0,0.16666666666666663,0.7857142857142857,0.5175645477550906,0.0,0.4685497803608816,0.9984423676012462,1.0,0.35584111943952573,instance,informative
0,0.6666666666666667,1.0,0.5763546798029557,0.6071428571428571,0.7157896457084166,0.8333333333333334,0.5260779932364099,1.0,1.0,-1.2611213226059361,instance,informative
0,0.62,0.8,0.21590909090909094,0.32142857142857145,0.5019827939834981,0.5,0.4617427938261359,0.9994407158836689,1.0,-0.2529774673996191,instance,informative
1,0.29666666666666663,0.2,0.18727272727272726,0.7142857142857143,0.3187153783886628,0.0,0.47234275265853476,0.9987538940809969,1.0,0.7671671865236263,instance,informative
1,0.11904761904761907,0.0,0.2329749103942652,0.35714285714285715,0.13484782662519212,0.0,0.4620490201683032,0.9981308411214953,1.0,1.1152038612263224,instance,informative
1,0.14551282051282055,0.2,0.2436781609195402,0.8928571428571429,0.3577538075941433,0.0,0.47251725456122295,0.9990654205607477,1.0,0.8342650616025296,instance,informative
1,0.07971014492753625,0.4,0.2670454545454546,0.7857142857142857,0.3109198655283169,0.3333333333333333,0.47359572635430347,0.9993769470404984,1.0,0.42896907291779157,instance,informative
1,0.0,0.2,0.6852791878172588,0.35714285714285715,0.15703224542218808,0.0,0.4752871069488105,0.9993769470404984,1.0,0.6646339172314261,instance,informative
1,0.2629310344827587,0.0,0.48888888888888893,0.6785714285714286,0.24010719009989645,0.0,0.47353943608210014,0.9981308411214953,1.0,0.8404686621182377,instance,informative
1,0.07407407407407407,0.0,0.2329749103942652,0.35714285714285715,0.17184903218525138,0.0,0.447854897831233,0.9953271028037384,1.0,0.8413071310861336,instance,informative
1,0.2273622047244095,0.0,0.2329749103942652,0.5357142857142857,0.3101509108677681,0.0,0.4797675257152224,0.9981308411214953,1.0,1.1512630201152336,instance,informative
1,0.3205128205128205,0.2,0.36363636363636365,0.5,0.39437580721113574,0.0,0.47382541717849835,0.9993769470404984,1.0,0.4968424214999288,instance,informative
0,0.8051948051948052,1.0,0.8127272727272727,0.7142857142857143,0.7527413802163804,1.0,0.5121040055295815,1.0,1.0,-0.6541057852899045,instance,informative
1,0.15333333333333332,0.0,0.48888888888888893,0.6071428571428571,0.5135533956026775,0.0,0.4774417148459912,0.9965732087227415,1.0,0.26040275675916835,instance,informative
1,0.1691297208538588,0.2,0.4236453201970444,0.5714285714285714,0.14571766356569238,0.0,0.4706765711219786,0.9990654205607477,0.975,0.9531465132883346,instance,informative
1,0.09999999999999998,0.6,0.2329749103942652,0.6785714285714286,0.4496675461256291,1.0,0.5212336263718317,1.0,1.0,0.13772779746866154,instance,informative
1,0.19655497876356764,0.0,0.2436781609195402,0.5,0.6465745858053595,0.0,0.48633246358891624,0.9984423676012462,1.0,-0.3726130510899579,instance,informative
1,0.19106047326906217,0.4,0.2436781609195402,0.8928571428571429,0.28661279335068346,0.0,0.46265044073662853,0.9990654205607477,1.0,0.2823766557576294,instance,informative
0,0.6642685851318945,1.0,0.7563218390804598,0.5357142857142857,0.7926652423550467,1.0,0.5652885283347887,1.0,1.0,-0.720481359835666,instance,informative
1,0.14901477832512322,0.2,0.2670454545454546,0.7142857142857143,0.22199155002188492,0.5,0.5014447461066031,1.0,1.0,0.5315856066596059,instance,informative
1,0.05844155844155852,0.2,0.18727272727272726,0.6071428571428571,0.17092417756022477,0.0,0.4719886587014215,0.9987538940809969,1.0,1.345691798897066,instance,informative
1,0.256656346749226,0.2,0.2329749103942652,0.6071428571428571,0.3533415439535531,0.25,0.4807438149332639,0.9996884735202493,1.0,0.4505059769943431,instance,informative
1,0.22044334975369462,0.0,0.16666666666666663,0.7857142857142857,0.20624068306309729,0.0,0.4598255504065626,0.997196261682243,0.975,0.8512350521259769,instance,informative
1,0.19883720930232562,0.0,0.18727272727272726,0.8214285714285714,0.22889853719287334,0.0,0.48142814175915427,0.9984423676012462,1.0,1.0881989992909364,instance,informative
1,0.07317073170731714,0.2,0.4236453201970444,0.4642857142857143,0.21112398142616673,0.3333333333333333,0.48106574007957936,0.9990654205607477,1.0,0.6771417998987752,instance,informative
1,0.18253968253968256,0.2,0.2329749103942652,0.5357142857142857,0.22913617695794242,0.0,0.46095063571234984,0.9996884735202493,1.0,1.012431644585943,instance,informative
1,0.05844155844155852,0.0,0.2436781609195402,0.8928571428571429,0.17208986457587327,0.0,0.4513889200388499,0.9953271028037384,1.0,1.2761201395707857,instance,informative
1,0.21323529411764708,0.2,0.2436781609195402,1.0,0.20263175997904403,0.0,0.4882460577009583,0.9987538940809969,1.0,0.7749856762917001,instance,informative
1,0.13749999999999996,0.4,0.36363636363636365,0.32142857142857145,0.21323501858639382,1.0,0.5089828270938137,1.0,1.0,0.6232093606547072,instance,informative
1,0.28205128205128205,0.0,0.2670454545454546,0.6071428571428571,0.2577709803682251,0.0,0.47082996595857995,0.9975077881619938,1.0,0.6487260618336881,instance,informative
1,0.14102564102564097,0.0,0.5272727272727273,0.5,0.39794169982096805,0.0,0.4552214170324276,0.9968847352024922,1.0,0.392300004531672,instance,informative
1,0.338265306122449,0.0,0.2670454545454546,0.6071428571428571,0.27896104412742917,0.0,0.45023717815499653,0.9968847352024922,1.0,0.4912498403605323,instance,informative
1,0.5158102766798419,0.2,0.4236453201970444,0.7142857142857143,0.4526466285492011,0.0,0.4888097751488405,0.9990654205607477,1.0,0.4863528762567995,instance,informative
1,0.18213190184049077,0.4,0.2436781609195402,0.5357142857142857,0.31330041836527744,0.0,0.44233986526043934,0.9993769470404984,1.0,0.06855765862607471,instance,informative
1,0.09883720930232553,0.2,0.2329749103942652,0.6785714285714286,0.15777265077806535,0.2,0.4786540756987684,0.9987538940809969,1.0,1.1345639115926103,instance,informative
1,0.07407407407407407,0.2,0.2436781609195402,0.8928571428571429,0.19825360986319573,0.0,0.4762870837655484,0.9987538940809969,1.0,0.958369262732455,instance,informative
1,0.21091644204851745,0.6,0.2670454545454546,0.6071428571428571,0.38709398921815363,0.5,0.5068636967654142,1.0,1.0,0.45825977962502096,instance,informative
1,0.14901477832512322,0.2,0.18727272727272726,0.6428571428571429,0.13588384092511496,0.0,0.4866691126616699,0.9996884735202493,1.0,1.4194383042115153,instance,informative
0,0.8038461538461539,1.0,0.673202614379085,0.6071428571428571,0.8565518138127566,1.0,0.5438445295416904,1.0,1.0,-0.9075268957905581,instance,informative
0,0.7510548523206751,1.0,0.8127272727272727,0.5714285714285714,0.8033911137172041,1.0,0.5308250370736547,1.0,1.0,-0.5816382843574385,instance,informative
1,0.15217391304347827,0.4,0.2436781609195402,0.5357142857142857,0.43255211272040517,0.0,0.4666413110774523,0.9993769470404984,1.0,0.8102678624028757,instance,informative
1,0.23963133640553003,0.4,0.2436781609195402,0.39285714285714285,0.14456916415849153,1.0,0.5123245206602203,1.0,1.0,0.7701696695890784,instance,informative
1,0.07352941176470584,0.2,0.2329749103942652,0.35714285714285715,0.14364484209217948,0.0,0.4746312840892347,0.9987538940809969,1.0,0.757054892731619,instance,informative
1,0.18159806295399517,0.4,0.18974358974358974,0.6785714285714286,0.2630425657214174,0.0,0.4993262528148261,0.9996884735202493,1.0,0.6304558273878451,instance,informative
1,0.20238095238095233,0.2,0.2329749103942652,0.2857142857142857,0.2623237191932204,1.0,0.5069453488224562,1.0,1.0,0.736083186698638,instance,informative
0,0.6661490683229814,0.8,0.8102564102564103,0.5714285714285714,0.6397427238494654,1.0,0.5096296458888461,1.0,1.0,-1.1031878366047634,instance,informative
1,0.139344262295082,0.0,0.2670454545454546,0.7857142857142857,0.5865901911708393,0.0,0.48542608894436845,0.9984423676012462,1.0,-0.10480881051667176,instance,informative
1,0.19615384615384612,0.0,0.18727272727272726,0.6071428571428571,0.2337413886787184,0.6666666666666666,0.4670729607804125,0.9956386292834891,1.0,1.0872491840267768,instance,informative
1,0.28205128205128205,0.2,0.2436781609195402,0.8928571428571429,0.45806653178398604,0.3333333333333333,0.481365977313308,0.9993769470404984,1.0,0.6124170513516449,instance,informative
1,0.19615384615384612,0.0,0.18727272727272726,0.6428571428571429,0.1938735492953247,0.0,0.47582749031371496,0.9978193146417446,1.0,0.7678906142254731,instance,informative
1,0.05844155844155852,0.0,0.18727272727272726,0.7142857142857143,0.22285071463449724,0.0,0.4351402438130274,0.9975077881619938,1.0,1.185646320588473,instance,informative
1,0.19551282051282048,0.0,0.48888888888888893,0.6785714285714286,0.4644134396199934,0.0,0.47685626095387756,0.9978193146417446,1.0,0.4618390932980054,instance,informative
1,0.3205128205128205,0.4,0.2670454545454546,0.6071428571428571,0.27023185827348095,1.0,0.508192143766093,1.0,1.0,0.9925108860881533,instance,informative
1,0.15333333333333332,0.2,0.2329749103942652,0.35714285714285715,0.46655949646782724,0.5,0.4799285829417096,0.9987538940809969,1.0,0.841809297184514,instance,informative
1,0.16902887139107614,0.2,0.2436781609195402,0.8928571428571429,0.29741819828140736,0.0,0.46127158961910797,0.9987538940809969,1.0,1.1585209454607728,instance,informative
1,0.07407407407407407,0.0,0.36363636363636365,0.5,0.38813816772690635,0.0,0.45677137880964214,0.9959501557632399,0.975,0.45124113532804355,instance,informative
1,0.07971014492753625,0.2,0.2436781609195402,0.5714285714285714,0.151348495036444,0.0,0.48846959384270505,0.9990654205607477,1.0,0.6534224584702175,instance,informative
0,0.9065934065934066,1.0,0.7563218390804598,0.7857142857142857,0.7463166375163284,0.9090909090909091,0.5374353281731893,1.0,1.0,-0.8030127781511873,instance,informative
1,0.19615384615384612,0.2,0.39682539682539686,0.4642857142857143,0.22402108088759637,0.0,0.4867130865746434,0.9990654205607477,1.0,0.11568553881179876,instance,informative
1,0.07051282051282048,0.2,0.7840909090909091,0.25,0.5445018844258321,1.0,0.5104089644674425,1.0,1.0,0.13551881703892094,instance,informative
0,0.875,1.0,0.7329545454545454,0.7142857142857143,0.5426942977154677,1.0,0.5238938290041052,1.0,1.0,-1.5433776221688058,instance,informative
1,0.2416666666666667,0.0,0.2329749103942652,0.35714285714285715,0.18673532718392216,0.5,0.47067606511493587,0.9919003115264797,1.0,0.9712732740727212,instance,informative
1,0.2416666666666667,0.0,0.18727272727272726,0.7142857142857143,0.17404038242833975,0.2222222222222222,0.467493216460913,0.9978193146417446,1.0,1.3096889972477634,instance,informative
1,0.21963190184049075,0.2,0.7536231884057971,0.5357142857142857,0.19312310408016797,0.0,0.4550887009502572,0.9990654205607477,1.0,0.9128315704048678,instance,informative
1,0.07407407407407407,0.2,0.16666666666666663,0.8571428571428571,0.26844505495112847,0.0,0.48146263777471987,0.9990654205607477,1.0,0.8386781690549145,instance,informative
1,0.23897058823529416,0.2,0.18974358974358974,0.6785714285714286,0.14273255523168343,0.0,0.4820450167450695,0.9987538940809969,1.0,0.6958052011796599,instance,informative
1,0.15217391304347827,0.6,0.36363636363636365,0.5,0.2937770381917221,0.0,0.49350066164270867,0.9993769470404984,1.0,0.9440055118699513,instance,informative
1,0.09615384615384615,0.2,0.2436781609195402,0.8928571428571429,0.2485525854020313,0.0,0.48944371729489944,0.9990654205607477,1.0,1.726659525963723,instance,informative
0,0.7976190476190477,1.0,0.7329545454545454,0.5357142857142857,0.43640466566291536,1.0,0.5182951437685963,1.0,1.0,0.022456589474806287,instance,informative
1,0.2160737812911726,0.2,0.326797385620915,0.5714285714285714,0.23374970564911762,0.0,0.4740012940169861,0.9990654205607477,1.0,1.0745760740883377,instance,informative
1,0.20236220472440936,0.0,0.48888888888888893,0.5714285714285714,0.2635364374779936,0.3333333333333333,0.4748233840887506,0.9953271028037384,1.0,0.4341437547708938,instance,informative
1,0.2047619047619048,0.4,0.18727272727272726,0.6428571428571429,0.1259226782358543,1.0,0.5001685235232936,1.0,0.975,0.7680931166177754,instance,informative
1,0.10236220472440949,0.0,0.2436781609195402,0.8928571428571429,0.1976682939306042,0.0,0.4898007975592543,0.9978193146417446,1.0,0.5887767746598441,instance,informative
1,0.3538461538461539,0.0,0.5714285714285714,0.39285714285714285,0.2330327109034549,0.0,0.4476560632202907,0.997196261682243,1.0,0.5293728451075528,instance,informative
1,0.07971014492753625,0.0,0.2329749103942652,0.5357142857142857,0.28723494075057215,0.0,0.46662511885820623,0.997196261682243,1.0,0.41353305666538714,instance,informative
0,0.717948717948718,0.6,0.24637681159420288,0.39285714285714285,0.741569935693592,0.6666666666666666,0.5173324521507383,1.0,1.0,-0.47539827938664325,instance,informative
0,0.8178294573643411,1.0,0.4727272727272728,0.5357142857142857,0.5788447162193782,1.0,0.5263208597072306,1.0,1.0,-0.5983699921888708,instance,informative
1,0.07971014492753625,0.2,0.2436781609195402,0.8928571428571429,0.19552642244227236,1.0,0.5045100357957162,1.0,1.0,0.8206249713223002,instance,informative
1,0.1821705426356589,0.2,0.18974358974358974,0.6071428571428571,0.16771815788538136,0.0,0.46958046707851175,0.9993769470404984,1.0,0.8035546376689353,instance,informative
1,0.24285714285714288,0.4,0.2436781609195402,0.8928571428571429,0.5093858488154174,0.5,0.4748696176609265,0.9996884735202493,1.0,0.3199412437399664,instance,informative
1,0.46293103448275863,0.6,0.18666666666666665,0.5,0.3823767188972921,1.0,0.5345999818903386,1.0,1.0,0.2911729026960529,instance,informative
1,0.24018838304552592,0.6,0.2670454545454546,0.7857142857142857,0.1764110057977616,0.0,0.49849282728889566,0.9996884735202493,1.0,0.6795750971772971,instance,informative
1,0.19770114942528738,0.6,0.18727272727272726,0.6428571428571429,0.13624861876313016,0.0,0.481566798721074,0.9993769470404984,1.0,1.0944257255186038,instance,informative
1,0.19316239316239314,0.4,0.2436781609195402,0.32142857142857145,0.47662797470008844,0.0,0.464586519314624,0.9996884735202493,1.0,0.12399453159347643,instance,informative
1,0.19285714285714284,0.2,0.2436781609195402,0.8928571428571429,0.25012882462175323,0.0,0.4490700688153655,0.9990654205607477,1.0,0.7966198752470477,instance,informative
0,0.8038461538461539,1.0,0.7329545454545454,0.5,0.6973209925779956,1.0,0.5338547387295978,1.0,1.0,-0.5229014312339769,instance,informative
1,0.1162046908315566,0.2,0.2670454545454546,0.6071428571428571,0.23491746378923972,0.3333333333333333,0.5149541852712465,1.0,1.0,0.9883359430268812,instance,informative
1,0.0,0.2,0.326797385620915,0.5714285714285714,0.18369712183961057,0.0,0.48289728399429277,0.9993769470404984,0.975,0.7606409552714976,instance,informative
0,0.8222222222222222,0.8,0.8127272727272727,0.5,0.7800015795167021,1.0,0.5137137689229871,1.0,1.0,-0.6602684689768941,instance,informative
1,0.11956521739130432,0.0,0.16666666666666663,0.7857142857142857,0.21442389924263994,0.0,0.4472030530653377,0.9925233644859813,1.0,0.05688021994577001,instance,informative
1,0.09558823529411764,0.2,0.36363636363636365,0.32142857142857145,0.38991893575354686,0.0,0.48427189789319314,0.9987538940809969,1.0,0.8865028353768991,instance,informative
1,0.059523809523809534,0.2,0.4236453201970444,0.7142857142857143,0.3449292312214386,0.4,0.4922257585413281,0.9996884735202493,1.0,0.5611615890940355,instance,informative
1,0.19878787878787874,0.2,0.36363636363636365,0.32142857142857145,0.320877375138019,0.0,0.47757140960464917,0.9993769470404984,1.0,0.47263265880825117,instance,informative
1,0.2862985685071575,0.2,0.2329749103942652,0.35714285714285715,0.2483059717223695,1.0,0.5475469455454267,1.0,1.0,1.1456993054593323,instance,informative
1,0.09677419354838712,0.0,0.2436781609195402,0.8928571428571429,0.4912947511387406,0.0,0.4803801257976438,0.9978193146417446,1.0,0.8298713130602284,instance,informative
0,0.7866300366300366,1.0,0.7563218390804598,0.5,0.4393566120862563,1.0,0.5394920178541891,1.0,0.975,-0.5043701286547392,instance,informative
1,0.11956521739130432,0.2,0.18974358974358974,0.6785714285714286,0.16944664645926932,0.125,0.49903688324740725,0.9996884735202493,1.0,0.9647953429829733,instance,informative
1,0.1298701298701299,0.0,0.7536231884057971,0.39285714285714285,0.5269000142159118,0.0,0.4764104823350016,0.997196261682243,1.0,0.08323795240410915,instance,informative
0,0.49760191846522783,0.6,0.7563218390804598,0.5357142857142857,0.7720491430389022,0.0,0.46471342821698414,0.9988814317673378,1.0,-1.0996717435213277,instance,informative
1,0.045454545454545414,0.0,0.48888888888888893,0.5714285714285714,0.40028543528511207,0.0,0.4607398747371181,0.997196261682243,1.0,0.7299323038643465,instance,informative
0,0.6899696048632219,1.0,0.7563218390804598,0.5357142857142857,0.6944825660800995,1.0,0.5436552098136117,1.0,1.0,-0.5958541680997652,instance,informative
1,0.2350165172251062,0.0,0.18974358974358974,0.6071428571428571,0.3041204669072882,0.0,0.4691300895989158,0.9984423676012462,1.0,0.480631555823983,instance,informative
1,0.13227848101265827,0.0,0.18727272727272726,0.6071428571428571,0.15216212389806305,0.0,0.44089186389030643,0.9953271028037384,1.0,1.342383167917972,instance,informative
1,0.14551282051282055,0.2,0.48888888888888893,0.6785714285714286,0.3925908265597884,0.0,0.48982671788177,0.9990654205607477,1.0,0.8317596347134092,instance,informative
1,0.1685531496062992,0.0,0.18666666666666665,0.5,0.1926528571633428,0.0,0.4242266583621235,0.9975077881619938,1.0,1.0214729549810408,instance,informative
1,0.3500000000000001,0.2,0.36363636363636365,0.42857142857142855,0.4300418066372037,1.0,0.511992384505938,1.0,0.975,0.1612915224937835,instance,informative
0,0.7344961240310077,1.0,0.7563218390804598,0.42857142857142855,0.5972704900235941,0.625,0.5399342134462273,1.0,1.0,0.02798791500733397,instance,informative
0,0.8634259259259259,0.8,0.4727272727272728,0.6071428571428571,0.6087917955906561,1.0,0.5154927490658026,1.0,1.0,-0.5714076429048548,instance,informative
1,0.19615384615384612,0.0,0.2436781609195402,0.8928571428571429,0.32380464669473064,0.0,0.47776855803063567,0.9984423676012462,1.0,0.5598416957207866,instance,informative
1,0.025000000000000022,0.2,0.2436781609195402,1.0,0.253333432513257,0.0,0.4809743179120123,0.9990654205607477,1.0,0.250744390771672,instance,informative
1,0.124074074074074,0.2,0.2436781609195402,0.8928571428571429,0.17906395843497502,0.0,0.49298652829041356,0.9993769470404984,1.0,0.5084827322565573,instance,informative
1,0.2407407407407407,0.2,0.36363636363636365,0.4642857142857143,0.48627237847758487,0.0,0.47192145361566995,0.9990654205607477,0.975,-0.19566481340109795,instance,informative
1,0.21084337349397586,0.0,0.2329749103942652,0.35714285714285715,0.1860610873932017,0.0,0.45803967247203237,0.9968847352024922,1.0,1.0013926391862165,instance,informative
1,0.09459459459459452,0.2,0.16666666666666663,0.7857142857142857,0.49448530517491485,0.0,0.4663126228016945,0.9990654205607477,1.0,0.41292635172326203,instance,informative
1,0.07480314960629919,0.2,0.18727272727272726,0.75,0.29796165562480104,0.0,0.48241191230560765,0.9993769470404984,1.0,0.45374589432290197,instance,informative
1,0.24040920716112535,0.0,0.5272727272727273,0.6071428571428571,0.2853534284959115,0.0,0.472929553930281,0.9978193146417446,1.0,0.7013297765917484,instance,informative
1,0.1478167501789549,0.2,0.36363636363636365,0.39285714285714285,0.3258101798700431,0.0,0.4825722553439312,0.9987538940809969,1.0,0.49005940830159833,instance,informative
0,0.8011627906976744,1.0,0.5763546798029557,0.7142857142857143,0.8254657208095023,1.0,0.560655640444971,1.0,1.0,-1.1968137067646913,instance,informative
1,0.1779279279279279,0.4,0.2436781609195402,0.8928571428571429,0.271012610530286,0.16666666666666666,0.4912911887928151,0.9993769470404984,1.0,0.5095695301424515,instance,informative
1,0.24038461538461542,0.0,0.2670454545454546,0.6071428571428571,0.20991743762311266,0.0,0.4576978622697404,0.9968847352024922,1.0,0.5325267226820192,instance,informative
1,0.23984962406015042,0.2,0.2436781609195402,0.5357142857142857,0.17050413174179813,0.0,0.48288416570413495,0.9993769470404984,1.0,1.5464405857404044,instance,informative
1,0.24894514767932496,0.2,0.326797385620915,0.5714285714285714,0.3191612859445354,0.0,0.4670825145930392,0.9987538940809969,1.0,0.39630777148313173,instance,informative
1,0.2248031496062992,0.2,0.2436781609195402,0.8928571428571429,0.24348290562574976,0.0,0.4876747791454986,0.9987538940809969,1.0,1.401396756359003,instance,informative
0,0.4901960784313726,1.0,0.7563218390804598,0.5357142857142857,0.8576884725478281,1.0,0.5204863548986771,1.0,1.0,-0.6678461678773183,instance,informative
1,0.0,0.0,0.36363636363636365,0.32142857142857145,0.6647485574754397,0.0,0.4768070087031445,0.997196261682243,1.0,0.09154326446710956,instance,informative
1,0.1690647482014389,0.0,0.36363636363636365,0.35714285714285715,0.3468965106501632,0.0,0.4656215299139719,0.9975077881619938,1.0,0.6807288530883784,instance,informative
1,0.22267759562841527,0.2,0.2670454545454546,0.7857142857142857,0.42698125550720123,0.0,0.47921094079792825,0.9990654205607477,1.0,0.21049186769333386,instance,informative
1,0.19327129563350032,0.0,0.2436781609195402,0.6428571428571429,0.1724630623835205,0.0,0.4609596666132203,0.997196261682243,1.0,1.2717753354163954,instance,informative
1,0.14615384615384608,0.0,0.864406779661017,0.17857142857142858,0.6022196119160089,0.0,0.46292153119285995,0.9978193146417446,1.0,0.2889693401644401,instance,informative
1,0.29166666666666674,0.2,0.2436781609195402,0.5357142857142857,0.33661273154252813,0.0,0.4974495937134158,0.9996884735202493,1.0,1.3107771082473822,instance,informative
1,0.19615384615384612,0.2,0.18727272727272726,0.6071428571428571,0.4194013688550312,0.0,0.48123170993899766,0.9993769470404984,1.0,0.13054471891526886,instance,informative
1,0.1298701298701299,0.2,0.7536231884057971,0.4642857142857143,0.2142460928461284,0.0,0.4757888165692037,0.9996884735202493,1.0,0.14391595729654957,instance,informative
1,0.07480314960629919,0.0,0.36363636363636365,0.5,0.23726315335092424,0.0,0.4458509736122508,0.9940809968847352,1.0,1.0060686044579839,instance,informative
1,0.21904761904761905,0.2,0.18727272727272726,0.75,0.2739767969564536,0.25,0.4674857687345445,0.9996884735202493,1.0,0.5146830173880292,instance,informative
1,0.11538461538461542,0.0,0.326797385620915,0.5714285714285714,0.19845101144281568,0.0,0.4237606389264622,0.997196261682243,1.0,1.2314670682894857,instance,informative
1,0.3699494949494949,0.2,0.6852791878172588,0.39285714285714285,0.16289002171637013,0.0,0.47795448400404106,0.9990654205607477,1.0,0.9420009720268776,instance,informative
1,0.17026578073089704,0.2,0.2436781609195402,0.5714285714285714,0.18879826342211203,1.0,0.5096690945219886,1.0,1.0,0.3883802816967946,instance,informative
1,0.35557299843014123,0.0,0.2670454545454546,0.7857142857142857,0.5240030564729264,0.0,0.46591741818106214,0.9956386292834891,1.0,0.4632794304122264,instance,informative
0,0.8625,0.8,0.8133333333333334,0.39285714285714285,0.7375250951316682,1.0,0.5339668784922635,1.0,1.0,-0.5821861708669095,instance,informative
1,0.16963190184049082,0.0,0.2436781609195402,0.6428571428571429,0.2864302084639071,0.0,0.4644922614922027,0.9934579439252337,1.0,0.8009911261116728,instance,informative
1,0.18159806295399517,0.2,0.2329749103942652,0.35714285714285715,0.14655682026883887,0.0,0.47802003734807275,0.9993769470404984,1.0,0.814370694585329,instance,informative
1,0.0957446808510638,0.0,0.2436781609195402,0.5714285714285714,0.19322694459303086,0.0,0.4754799130183799,0.9978193146417446,1.0,1.0343797301304003,instance,informative
1,0.2690288713910761,0.2,0.2436781609195402,0.39285714285714285,0.6521261167388411,1.0,0.5102940476092386,1.0,1.0,-0.05669197736289471,instance,informative
0,0.49760191846522783,1.0,0.7329545454545454,0.8214285714285714,0.6193732926466422,1.0,0.5330705566495981,1.0,1.0,-0.44092085010806725,instance,informative
1,0.09558823529411764,0.4,0.2436781609195402,0.42857142857142855,0.1541315528442606,0.0,0.4965645005415522,0.9996884735202493,1.0,0.5564853682463905,instance,informative
1,0.15333333333333332,0.2,0.36363636363636365,0.32142857142857145,0.5789152726076675,1.0,0.5032198897527944,1.0,1.0,0.1018461727505882,instance,informative
1,0.0,0.0,0.36363636363636365,0.35714285714285715,0.5414538459934578,0.0,0.46826071686751713,0.9981308411214953,1.0,0.42067415359120014,instance,informative
1,0.10999999999999999,0.0,0.2329749103942652,0.2857142857142857,0.21851298284686693,0.0,0.4420922176639095,0.997196261682243,1.0,0.4014608045127751,instance,informative
1,0.46293103448275863,0.2,0.18727272727272726,0.6071428571428571,0.20126700089251914,0.0,0.49267282200595996,0.9996884735202493,1.0,1.1151303335225535,instance,informative
1,0.2768361581920904,0.2,0.18727272727272726,0.6071428571428571,0.24019457526205257,0.0,0.4967390156566138,0.9996884735202493,1.0,1.253797962792411,instance,informative
1,0.15333333333333332,0.0,0.48888888888888893,0.4642857142857143,0.30015620868816717,0.0,0.45063934581937526,0.9978193146417446,1.0,0.715950579060575,instance,informative
1,0.0,0.2,0.2436781609195402,0.39285714285714285,0.18989792725139149,1.0,0.5020742039021253,1.0,1.0,0.6620076084346509,instance,informative
1,0.07407407407407407,0.0,0.2436781609195402,0.8928571428571429,0.3873428784330426,0.0,0.4625584355824812,0.9956386292834891,1.0,0.6172916599693151,instance,informative
1,0.22267759562841527,0.0,0.2670454545454546,0.75,0.4048853786318002,0.0,0.45162924060444265,0.9959501557632399,1.0,0.48681635203830226,instance,informative
1,0.0714285714285714,0.0,0.2329749103942652,0.2857142857142857,0.1565088478601212,0.0,0.47848835395722855,0.9965732087227415,1.0,0.7563710750264109,instance,informative
1,0.2116161616161616,0.2,0.2670454545454546,0.6071428571428571,0.37721757809789636,0.25,0.5054962063858894,1.0,1.0,0.8725584155103266,instance,informative
1,0.3028846153846154,0.4,0.326797385620915,0.5714285714285714,0.24496882190333535,0.3333333333333333,0.5070590218464699,1.0,1.0,0.5993839593468193,instance,informative
1,0.125,0.2,0.18727272727272726,0.6428571428571429,0.2398581767395475,1.0,0.5119317087028441,1.0,1.0,1.3433945656153978,instance,informative
1,0.32407407407407407,0.0,0.2329749103942652,0.32142857142857145,0.16829638072448283,0.0,0.45211316141400393,0.9965732087227415,1.0,0.7406248890539282,instance,informative
1,0.17971014492753623,0.2,0.2329749103942652,0.5357142857142857,0.1663104690942504,0.0,0.49938170689920613,0.9996884735202493,1.0,0.8302928664256404,instance,informative
1,0.13227848101265827,0.2,0.2436781609195402,0.6428571428571429,0.19145319432274538,0.0,0.49073652495226683,0.9996884735202493,1.0,1.0213224055030445,instance,informative
0,0.8038461538461539,1.0,0.31034482758620685,0.42857142857142855,0.5916127606630308,1.0,0.531163277782159,1.0,1.0,-0.3043250489679759,instance,informative
1,0.338265306122449,0.0,0.2670454545454546,0.7857142857142857,0.26439524128962555,0.16666666666666666,0.46121301290623473,0.9968847352024922,1.0,0.4406079464572537,instance,informative
1,0.1690647482014389,0.2,0.18727272727272726,0.6071428571428571,0.22932671147277733,0.0,0.4925129520102085,0.9990654205607477,1.0,0.8796372053686968,instance,informative
1,0.3434343434343434,0.2,0.2670454545454546,0.7857142857142857,0.29458286499148656,0.0,0.484513872521942,0.9987538940809969,1.0,1.1264352439585363,instance,informative
1,0.375,0.2,0.2670454545454546,0.5357142857142857,0.3038865760071411,0.5,0.49540800902570337,0.9996884735202493,1.0,0.6666941029391662,instance,informative
1,0.22652757078986585,0.0,0.2329749103942652,0.5357142857142857,0.19180549988024492,0.0,0.4534788162586664,0.9968847352024922,1.0,1.5934776726085695,instance,informative
1,0.18333333333333335,0.0,0.18727272727272726,0.8214285714285714,0.17772115072597722,0.5,0.4697462833982423,0.9968847352024922,1.0,1.1516045187648314,instance,informative
0,0.729559748427673,0.8,0.5763546798029557,0.6071428571428571,0.6545686557404311,0.6666666666666666,0.49487892254751,0.9994407158836689,1.0,-1.0658947264797678,instance,informative
1,0.20833333333333326,0.6,0.48888888888888893,0.6785714285714286,0.6144317003584071,0.5,0.5018919032302477,1.0,1.0,0.21606136473041387,instance,informative
1,0.06432360742705567,0.4,0.2436781609195402,0.8928571428571429,0.37430583977347354,0.3333333333333333,0.44747133756115576,0.9996884735202493,1.0,1.049505610082781,instance,informative
1,0.19655497876356764,0.2,0.2436781609195402,0.8928571428571429,0.5287412268172821,0.3333333333333333,0.44945677818806795,0.9993769470404984,1.0,0.40067021609641074,instance,informative
1,0.21091644204851745,0.2,0.39682539682539686,0.39285714285714285,0.34225794646564256,0.3333333333333333,0.4845000103525001,0.9987538940809969,1.0,0.7242196360215601,instance,informative
0,0.7601503759398496,0.6,0.7670250896057348,0.4642857142857143,0.7241433872319479,1.0,0.5008846348484894,1.0,1.0,-0.023808533088907208,instance,informative
1,0.2401372212692967,0.0,0.2670454545454546,0.6071428571428571,0.1833187825475947,0.0,0.45763252322887693,0.9981308411214953,1.0,0.7718586666519709,instance,informative
0,0.7083333333333334,0.4,0.8333333333333334,0.8214285714285714,0.7885174290636034,0.5,0.4976799664873809,0.9994407158836689,1.0,-0.5539361927722457,instance,informative
1,0.050000000000000044,0.2,0.18727272727272726,0.75,0.1794336003151703,0.0,0.4845246793954716,0.9990654205607477,1.0,1.170523221244968,instance,informative
1,0.1529652351738241,0.2,0.7536231884057971,0.5357142857142857,0.370683999544033,0.0,0.46670599847135674,0.9987538940809969,1.0,0.018487225689681405,instance,informative
1,0.1691297208538588,0.2,0.18727272727272726,0.7142857142857143,0.14455589550301257,0.0,0.44160389103331354,0.9996884735202493,1.0,1.1298905178618623,instance,informative
0,0.75,1.0,0.8127272727272727,0.7857142857142857,0.8102107872723097,1.0,0.5316167907101823,1.0,1.0,-1.1006681552229907,instance,informative
0,0.6007053291536051,1.0,0.7670250896057348,0.5,0.7449880326925241,1.0,0.5521605889435843,1.0,1.0,-0.6481370937933102,instance,informative
1,0.11688311688311692,0.2,0.18974358974358974,0.5357142857142857,0.21202104125500953,0.0,0.48044557959705114,0.9987538940809969,1.0,0.49067246703129225,instance,informative
1,0.15333333333333332,0.0,0.326797385620915,0.5714285714285714,0.21308693033275344,0.0,0.4762109833303666,0.9968847352024922,1.0,0.5240953345941789,instance,informative
1,0.1685531496062992,0.0,0.2436781609195402,0.42857142857142855,0.1589067211699713,0.0,0.42021062247039886,0.997196261682243,1.0,1.3118720552377843,instance,informative
1,0.14551282051282055,0.0,0.5272727272727273,0.6071428571428571,0.3107249489879331,0.0,0.48328600001994937,0.9984423676012462,1.0,1.1534605405179812,instance,informative
1,0.13227848101265827,0.0,0.2436781609195402,0.8928571428571429,0.1815490277838463,0.0,0.47720770765948795,0.9978193146417446,1.0,0.7050331130260276,instance,informative
1,0.14551282051282055,0.2,0.5272727272727273,0.6071428571428571,0.36403261847402557,0.0,0.4818006862018942,0.9996884735202493,1.0,0.8673828356515116,instance,informative
1,0.24404761904761907,0.2,0.18974358974358974,0.6785714285714286,0.34349630138856413,0.0,0.4796812414468393,0.9990654205607477,1.0,1.1343768649931836,instance,informative
1,0.11688311688311692,0.0,0.2436781609195402,0.6428571428571429,0.29066325897020573,0.0,0.47033464751359966,0.997196261682243,1.0,0.5461902705217767,instance,informative
0,0.75,0.8,0.7563218390804598,0.39285714285714285,0.8520477766186136,1.0,0.5174739805386463,1.0,1.0,-0.5884706043280953,instance,informative
1,0.14574468085106385,0.0,0.2436781609195402,0.39285714285714285,0.1852363746657012,0.0,0.4767722947569464,0.997196261682243,1.0,0.9269823077244588,instance,informative
1,0.0714285714285714,0.2,0.2329749103942652,0.25,0.15938166755537614,0.0,0.4903775562771262,0.9993769470404984,1.0,1.2817639705353128,instance,informative
1,0.17462422634836428,0.2,0.326797385620915,0.5,0.1829611495259097,0.375,0.5036897274613763,1.0,1.0,0.9606604830758395,instance,informative
1,0.12142857142857144,0.2,0.18727272727272726,0.7142857142857143,0.30484309884199057,0.3333333333333333,0.4973385649741924,0.9996884735202493,1.0,1.1338377622104827,instance,informative
1,0.0,0.2,0.2329749103942652,0.5,0.1445339344981874,0.0,0.4481234116381897,0.9996884735202493,0.95,0.4588073288602384,instance,informative
1,0.3205128205128205,0.2,0.18974358974358974,0.6785714285714286,0.27266984418321394,0.0,0.48548260669060894,0.9990654205607477,1.0,0.8818667905192813,instance,informative
1,0.05844155844155852,0.2,0.2670454545454546,0.8214285714285714,0.44526265533374165,0.0,0.4841853309260513,0.9990654205607477,1.0,1.2240419719479863,instance,informative
1,0.38548752834467126,0.0,0.18727272727272726,0.5357142857142857,0.23178246965430643,0.0,0.4585665668051262,0.9984423676012462,1.0,1.0560692451639084,instance,informative
1,0.19878787878787874,0.2,0.18727272727272726,0.6071428571428571,0.14479062255505176,1.0,0.5243976747298853,1.0,1.0,1.2048932481903745,instance,informative
1,0.04477611940298509,0.2,0.36363636363636365,0.4642857142857143,0.3730089512642215,0.0,0.43627999847494403,0.9990654205607477,1.0,0.19235839616438075,instance,informative
1,0.5129310344827587,0.2,0.36363636363636365,0.42857142857142855,0.6902787268631067,0.0,0.479736742983748,0.9993769470404984,1.0,-0.1106063509637602,instance,informative
1,0.26241134751773054,0.0,0.2436781609195402,0.5,0.29184811284610584,0.0,0.4809017593510351,0.9947040498442368,1.0,0.4782370858499729,instance,informative
1,0.17051282051282057,0.0,0.18727272727272726,0.7142857142857143,0.24325634938535323,0.0,0.4805523841382634,0.9981308411214953,1.0,0.7818294499876098,instance,informative
0,0.8071428571428572,0.8,0.7670250896057348,0.32142857142857145,0.6079839071053196,0.0,0.48304107012799347,0.9994407158836689,1.0,-0.6743637138564667,instance,informative
1,0.33333333333333337,0.2,0.2329749103942652,0.35714285714285715,0.28693394957193785,0.0,0.49376131728835915,0.9993769470404984,1.0,0.7150109033112199,instance,informative
1,0.36906474820143886,0.2,0.2436781609195402,0.5,0.4237689975682387,1.0,0.5068307683977433,1.0,1.0,0.3469862300348041,instance,informative
0,0.7839262187088274,0.6,0.8127272727272727,0.6071428571428571,0.7972096224225206,1.0,0.5131441493375084,1.0,1.0,-1.368164303349373,instance,informative
1,0.2533333333333333,0.4,0.2436781609195402,0.8928571428571429,0.24577246762669847,0.3333333333333333,0.49799481869711615,0.9996884735202493,1.0,1.1684699915950574,instance,informative
0,0.4309352517985612,0.6,0.7329545454545454,0.7142857142857143,0.6677249507000945,0.5,0.4933949338004904,0.9994407158836689,1.0,-0.666186398977911,instance,informative
1,0.050000000000000044,0.0,0.2329749103942652,0.2857142857142857,0.13366554335964853,0.0,0.466807899590059,0.9950155763239875,1.0,0.9047664255422889,instance,informative
0,0.7583333333333333,1.0,0.8127272727272727,0.6071428571428571,0.8687515825396267,1.0,0.5539872412621478,1.0,1.0,-1.6783217360122575,instance,informative
0,0.7137014314928425,0.8,0.7329545454545454,0.4642857142857143,0.8151638263244495,0.6666666666666666,0.47301561249123114,0.9994407158836689,1.0,-1.0975878401615078,instance,informative
1,0.19307832422586513,0.4,0.2436781609195402,0.9285714285714286,0.4272590632109994,0.5,0.501794778533698,1.0,1.0,0.8694709186867704,instance,informative
1,0.08333333333333326,0.2,0.5272727272727273,0.6071428571428571,0.22302088847766932,0.0,0.4932387895098882,0.9996884735202493,1.0,0.4664398454496605,instance,informative
1,0.14920634920634923,0.0,0.2670454545454546,0.6071428571428571,0.31650248521043495,0.0,0.48198432747918174,0.9968847352024922,1.0,0.4431425215432241,instance,informative
1,0.11016949152542366,0.4,0.2329749103942652,0.2857142857142857,0.14244911137295968,1.0,0.5067546204284367,1.0,1.0,1.2204340048862965,instance,informative
0,0.6666666666666667,1.0,0.7563218390804598,0.39285714285714285,0.7353235256726607,1.0,0.5129068254800663,1.0,1.0,-0.08304372502440856,instance,informative
0,0.7510548523206751,0.8,0.13559322033898302,0.17857142857142858,0.4279445660773207,1.0,0.500993170732362,1.0,1.0,-0.42113295581537763,instance,informative
1,0.14551282051282055,0.4,0.18727272727272726,0.7142857142857143,0.31168715805184055,0.0,0.4813053087206143,0.9996884735202493,1.0,0.8918821608159332,instance,informative
0,0.7726377952755905,1.0,0.7670250896057348,0.6071428571428571,0.6113408691551497,1.0,0.5236306560376842,1.0,1.0,-0.6567336730622843,instance,informative
1,0.5098039215686274,0.0,0.2436781609195402,0.8571428571428571,0.23903973404534218,0.0,0.47158500684003857,0.9978193146417446,1.0,0.06707796524905288,instance,informative
1,0.3434343434343434,0.0,0.18727272727272726,0.7142857142857143,0.231740788726992,0.0,0.47510712172523595,0.997196261682243,1.0,1.025472573977664,instance,informative
1,0.050000000000000044,0.0,0.2436781609195402,0.8928571428571429,0.1329444968834751,0.0,0.45200845982738824,0.9984423676012462,0.975,0.8139968254007711,instance,informative
1,0.07352941176470584,0.0,0.2329749103942652,0.6785714285714286,0.21413939312095803,0.0,0.4798780141492398,0.9962616822429906,1.0,0.8285629854623421,instance,informative
1,0.23983739837398377,0.2,0.2329749103942652,0.4642857142857143,0.28103541135505095,0.25,0.5275479949582011,1.0,1.0,0.5729964266112881,instance,informative
1,0.09558823529411764,0.0,0.2436781609195402,0.5357142857142857,0.4494537153566537,0.0,0.47804033863781736,0.9981308411214953,1.0,0.5245673853182109,instance,informative
1,0.08227848101265822,0.0,0.48888888888888893,0.6785714285714286,0.21966560280292324,0.0,0.46528020938933456,0.9922118380062306,1.0,0.763090964565386,instance,informative
1,0.0714285714285714,0.0,0.18727272727272726,0.7142857142857143,0.21741374693214166,0.0,0.42348163294328056,0.9931464174454828,0.975,1.122857839294934,instance,informative
1,0.15000000000000002,0.0,0.2329749103942652,0.35714285714285715,0.18117585688126148,0.0,0.4953829640144265,0.9984423676012462,1.0,0.13231979624428256,instance,informative
1,0.2195652173913043,0.2,0.4236453201970444,0.7142857142857143,0.20833761678738466,0.0,0.49386236463303035,0.9993769470404984,1.0,0.9359676013179162,instance,informative
1,0.26241134751773054,0.2,0.36363636363636365,0.32142857142857145,0.2933223255817774,0.0,0.4860256469034421,0.9990654205607477,1.0,0.6570219792987291,instance,informative
1,0.18710691823899372,0.2,0.4236453201970444,0.6428571428571429,0.17792698309871857,0.0,0.4867616069024212,0.9990654205607477,1.0,1.1023629802681099,instance,informative
1,0.24894514767932496,0.4,0.2329749103942652,0.6785714285714286,0.17218842236527687,0.3333333333333333,0.4825140959971236,0.9993769470404984,1.0,0.6996710895723075,instance,informative
1,0.05844155844155852,0.0,0.18727272727272726,0.6428571428571429,0.176243423747743,0.0,0.4675469748334429,0.9981308411214953,1.0,1.3520618344020163,instance,informative
0,0.5,1.0,0.8127272727272727,0.7142857142857143,0.7321878672372139,1.0,0.5434601000513262,1.0,1.0,-0.5159234887332828,instance,informative
1,0.19655497876356764,0.2,0.2670454545454546,0.42857142857142855,0.5940797208053796,0.0,0.49738227594134443,0.9993769470404984,0.975,-0.13353471371047537,instance,informative
1,0.41133720930232553,0.2,0.18727272727272726,0.6071428571428571,0.4195022659977591,0.0,0.4972108717924527,0.9990654205607477,1.0,0.6996159425646853,instance,informative
1,0.2227011494252873,0.4,0.4236453201970444,0.75,0.18850084206349516,0.2,0.4867117796437683,0.9993769470404984,1.0,1.199843562827794,instance,informative
1,0.33573141486810554,0.4,0.18727272727272726,0.6428571428571429,0.29984201227909074,0.0,0.46793400179419575,0.9996884735202493,1.0,0.6299528007015835,instance,informative
1,0.08227848101265822,0.2,0.18727272727272726,0.7142857142857143,0.3392399793384664,0.0,0.4871904298834112,0.9990654205607477,1.0,0.3838722200650972,instance,informative
0,0.7377450980392157,0.6,0.31472081218274117,0.39285714285714285,0.760232803145533,0.0,0.4919534991483181,0.9988814317673378,1.0,-0.8088793873497349,instance,informative
1,0.20752628666297723,0.0,0.2436781609195402,0.5,0.37693040233237396,0.3333333333333333,0.47549471239432717,0.9981308411214953,1.0,0.7881854289051211,instance,informative
1,0.13,0.4,0.18727272727272726,0.7142857142857143,0.18023654457797533,0.0,0.47845746464258154,0.9990654205607477,1.0,0.7670004191646668,instance,informative
1,0.2195652173913043,0.2,0.18727272727272726,0.75,0.14198184603279973,1.0,0.5153762656372988,1.0,1.0,1.0763807451738443,instance,informative
1,0.09558823529411764,0.4,0.18727272727272726,0.6071428571428571,0.32549630416941755,0.0,0.47873915783792387,0.9990654205607477,1.0,0.5573013338142794,instance,informative
0,0.7976377952755905,0.6,0.5763546798029557,0.6071428571428571,0.7449086213632649,0.6666666666666666,0.4974578650400808,0.9994407158836689,1.0,-0.43965809767585035,instance,informative
1,0.40578817733990147,0.2,0.18727272727272726,0.6428571428571429,0.3053643381045359,1.0,0.5001053947125893,1.0,1.0,0.23402494731749482,instance,informative
1,0.12810945273631846,0.0,0.2670454545454546,0.7857142857142857,0.44978002229141606,0.0,0.45376657404488063,0.994392523364486,1.0,0.9772817737749213,instance,informative
1,0.20833333333333326,0.2,0.48888888888888893,0.6785714285714286,0.47541843422472585,0.0,0.4956217191093766,0.9996884735202493,1.0,1.2243814078427318,instance,informative
1,0.270440251572327,0.0,0.2436781609195402,0.6428571428571429,0.3583168207667946,0.0,0.4560310898085572,0.9934579439252337,1.0,0.5329379723621555,instance,informative
1,0.21904761904761905,0.0,0.18666666666666665,0.5357142857142857,0.23085955226597255,0.0,0.4811151216855868,0.9978193146417446,1.0,1.049459379867145,instance,informative
1,0.0714285714285714,0.0,0.18727272727272726,0.7142857142857143,0.1245157070883437,0.0,0.43247211123694607,0.9959501557632399,1.0,1.1413481904142329,instance,informative
1,0.21717171717171713,0.2,0.5272727272727273,0.6071428571428571,0.3295551452548823,0.0,0.48731650377276703,0.9987538940809969,1.0,0.5851738704883599,instance,informative
1,0.20727848101265822,0.0,0.326797385620915,0.5714285714285714,0.370923719560048,0.0,0.48509311013270295,0.9984423676012462,1.0,0.42977556944158674,instance,informative
1,0.07352941176470584,0.2,0.2670454545454546,0.7857142857142857,0.21183729580742955,0.0,0.4678711858430574,0.9987538940809969,1.0,0.4724494857116774,instance,informative
0,0.4841897233201581,0.4,0.5763546798029557,0.5,0.7576071091185611,1.0,0.5000075444417726,1.0,1.0,-0.8406900662679375,instance,informative
1,0.0714285714285714,0.2,0.2436781609195402,0.5,0.20730625295443061,0.3333333333333333,0.45484091013943595,0.9996884735202493,1.0,0.6109295003182584,instance,informative
1,0.27717391304347827,0.0,0.36363636363636365,0.5,0.26260806285237004,0.0,0.4878531914705314,0.9984423676012462,1.0,0.7996931981894102,instance,informative
1,0.07777777777777772,0.2,0.16666666666666663,0.7857142857142857,0.16357970460903826,0.0,0.4950069062031416,0.9990654205607477,1.0,0.8046955572643166,instance,informative
1,0.13035870516185477,0.2,0.18727272727272726,0.75,0.17361914860544575,0.3333333333333333,0.48071274520441354,0.9987538940809969,1.0,1.3729206235378741,instance,informative
1,0.07971014492753625,0.2,0.36363636363636365,0.4642857142857143,0.39727357978098377,0.5,0.5046216245785163,1.0,1.0,0.4786293481208804,instance,informative
0,0.835016835016835,0.6,0.6363636363636364,0.5357142857142857,0.576973496382915,1.0,0.5152904390107832,1.0,1.0,0.11369817349165151,instance,informative
1,0.40217391304347827,0.0,0.2436781609195402,0.8928571428571429,0.18055759349566325,0.0,0.4423126941757103,0.9984423676012462,1.0,0.8823452959743532,instance,informative
1,0.124074074074074,0.0,0.2436781609195402,0.8928571428571429,0.3522754463552592,0.0,0.47681497049423693,0.9956386292834891,1.0,0.9091722760537599,instance,informative
1,0.10952380952380958,0.0,0.18974358974358974,0.6785714285714286,0.26167261499909455,0.0,0.4647189515285902,0.9975077881619938,1.0,0.7280865699331943,instance,informative
0,0.6803680981595092,0.8,0.6363636363636364,0.42857142857142855,0.6093036208083217,0.0,0.4663551279081678,0.9994407158836689,1.0,-0.34992529665394195,instance,informative
1,0.2248031496062992,0.2,0.18727272727272726,0.75,0.22320912472048693,0.5,0.49837417369961734,0.9990654205607477,1.0,1.128637481110202,instance,informative
0,0.745,1.0,0.8127272727272727,0.6428571428571429,0.7875726258251694,1.0,0.5584839555994005,1.0,1.0,-0.6496200175935406,instance,informative
1,0.0714285714285714,0.0,0.4236453201970444,0.4642857142857143,0.17491332427282114,0.0,0.45459155716654887,0.9956386292834891,1.0,0.756442088662431,instance,informative
1,0.16955266955266957,0.4,0.18727272727272726,0.7142857142857143,0.30302427481035465,0.6666666666666666,0.5056770901041958,1.0,1.0,1.205976554758454,instance,informative
1,0.338265306122449,0.0,0.2436781609195402,0.8928571428571429,0.1665632640795952,0.0,0.46036839966821574,0.9975077881619938,1.0,0.688906179021453,instance,informative
1,0.07499999999999996,0.4,0.08333333333333337,0.10714285714285714,0.32677855468294437,0.0,0.4868551633180571,0.9996884735202493,1.0,0.8717949649195995,instance,informative
1,0.09883720930232553,0.0,0.16666666666666663,0.7857142857142857,0.3436855582072609,0.0,0.45381321750288983,0.9940809968847352,1.0,0.78562748682219,instance,informative
1,0.15333333333333332,0.2,0.39682539682539686,0.39285714285714285,0.25327204503921674,0.0,0.4950695113845921,0.9996884735202493,0.975,1.1111611457157329,instance,informative
1,0.14102564102564097,0.2,0.2436781609195402,0.8928571428571429,0.3583636256880923,0.0,0.48612573898776956,0.9990654205607477,1.0,0.3510833388874237,instance,informative
0,0.7952380952380953,1.0,0.7563218390804598,1.0,0.7178090950622577,0.75,0.5250564232190144,1.0,1.0,-0.1620399775786159,instance,informative
0,0.75,1.0,0.7563218390804598,0.5714285714285714,0.7369870835402073,1.0,0.5108125792408391,1.0,1.0,-0.7812791529808802,instance,informative
1,0.2160737812911726,0.2,0.2670454545454546,0.75,0.17892351716282123,0.0,0.4940197684055505,0.9996884735202493,1.0,0.9193019506645204,instance,informative
1,0.07407407407407407,0.2,0.36363636363636365,0.5,0.6341047032074142,0.3333333333333333,0.48015143225298906,0.9987538940809969,1.0,0.6932336916628539,instance,informative
1,0.3242857142857143,0.6,0.5714285714285714,0.5,0.15994473539801113,1.0,0.5115511742185036,1.0,1.0,1.049946334200647,instance,informative
1,0.19327129563350032,0.0,0.2436781609195402,0.8928571428571429,0.20905790895448473,0.0,0.464936886381632,0.9981308411214953,1.0,0.7655659773335319,instance,informative
1,0.07499999999999996,0.4,0.36363636363636365,0.5,0.21951442343639432,1.0,0.500135190736379,1.0,1.0,1.0302906051132092,instance,informative
1,0.16161616161616155,0.4,0.18727272727272726,0.7142857142857143,0.22647764214295485,0.0,0.49270846332284246,0.9993769470404984,1.0,0.02594810867839542,instance,informative
1,0.18159806295399517,0.0,0.18974358974358974,0.6071428571428571,0.18548090526783412,0.0,0.4773924987413435,0.9984423676012462,1.0,0.6210539068338155,instance,informative
1,0.050000000000000044,0.0,0.18666666666666665,0.5,0.14823589276210747,0.0,0.4537134771884158,0.9962616822429906,1.0,1.2258564585882852,instance,informative
0,0.5809352517985611,0.8,0.7563218390804598,0.5714285714285714,0.759000305150551,1.0,0.5065929423288473,1.0,1.0,-1.0134444048092834,instance,informative
1,0.24942102825382118,0.4,0.16666666666666663,0.7857142857142857,0.1671524799832812,0.5,0.4999866763288974,0.9996884735202493,0.975,-0.17655223503050263,instance,informative
1,0.050000000000000044,0.0,0.5272727272727273,0.6071428571428571,0.15640298551673482,0.0,0.44817006052487374,0.9968847352024922,1.0,0.8574467844266963,instance,informative
1,0.25,0.2,0.2436781609195402,0.42857142857142855,0.23916570824563815,0.0,0.46467774818422947,0.9990654205607477,1.0,0.7309754087503626,instance,informative
1,0.0,0.0,0.18727272727272726,0.6071428571428571,0.15085691234908777,0.0,0.45418332166900677,0.9984423676012462,1.0,1.126396104004589,instance,informative
1,0.16902887139107614,0.0,0.4236453201970444,0.6071428571428571,0.15823324968967578,0.0,0.4685848846643973,0.9981308411214953,1.0,1.1464584208895265,instance,informative
0,0.7927215189873418,1.0,0.7329545454545454,0.6071428571428571,0.5058081486898486,1.0,0.5585004324874532,1.0,0.975,-1.1207451258443462,instance,informative
1,0.19615384615384612,0.2,0.326797385620915,0.5,0.47054683131383623,0.0,0.49933995158249067,0.9996884735202493,1.0,-0.10437246726404781,instance,informative
1,0.09558823529411764,0.0,0.36363636363636365,0.39285714285714285,0.4181831274517468,0.0,0.47113869543610076,0.997196261682243,1.0,-0.1519944632133957,instance,informative
1,0.11321721311475408,0.0,0.2670454545454546,0.5357142857142857,0.22485041924346938,0.0,0.44828813227341235,0.997196261682243,1.0,0.6998336497172548,instance,informative
1,0.11321721311475408,0.2,0.16666666666666663,0.7857142857142857,0.3801959790274849,0.5,0.49835872827122407,0.9996884735202493,1.0,0.6076973639019305,instance,informative
1,0.14922813036020588,0.2,0.2436781609195402,0.9642857142857143,0.36617927836360975,0.0,0.47157888452073116,0.9993769470404984,1.0,0.20497087827948596,instance,informative
1,0.20685579196217496,0.2,0.2670454545454546,0.7857142857142857,0.47568542025363303,0.0,0.4777968975492244,0.9993769470404984,1.0,0.35357354599255236,instance,informative
1,0.10377358490566035,0.2,0.2670454545454546,0.42857142857142855,0.21085575885235508,0.0,0.49613984960665247,0.9996884735202493,1.0,0.9544447149915298,instance,informative
1,0.0,0.0,0.2436781609195402,0.8928571428571429,0.4684089969271579,0.0,0.4321175258689457,0.9956386292834891,1.0,-0.08436530366068541,instance,informative
0,0.9356763925729443,1.0,0.5111111111111111,0.5714285714285714,0.6139831190644273,1.0,0.5416634298684255,1.0,1.0,-0.533421208002432,instance,informative
1,0.338265306122449,0.2,0.2670454545454546,0.75,0.24897747858048785,0.3157894736842105,0.49498854540833725,0.9996884735202493,1.0,0.9851819549151599,instance,informative
0,0.673155737704918,1.0,0.7563218390804598,0.5357142857142857,0.5904732239081547,1.0,0.5119543817562688,1.0,1.0,-0.05593309596818422,instance,informative
1,0.2533333333333333,0.0,0.16666666666666663,0.8571428571428571,0.20267083837697558,0.0,0.4779430784449842,0.9981308411214953,1.0,1.4244483392482779,instance,informative
1,0.3112781954887218,0.4,0.48888888888888893,0.4642857142857143,0.2940747678790202,0.5,0.49499553906142724,0.9996884735202493,1.0,1.0355310540504346,instance,informative
1,0.20685579196217496,0.4,0.16666666666666663,0.7857142857142857,0.23597871963568595,0.14285714285714285,0.47882141777297194,0.9990654205607477,1.0,0.7373461666906204,instance,informative
1,0.22267759562841527,0.0,0.2670454545454546,0.75,0.4012136813725071,0.5,0.4700584242406063,0.997196261682243,1.0,0.8392883257673047,instance,informative
1,0.0714285714285714,0.2,0.2670454545454546,0.7857142857142857,0.25601127624469566,0.2,0.4791264339113781,0.9993769470404984,1.0,0.9302720248086569,instance,informative
1,0.1428571428571429,0.2,0.2436781609195402,0.75,0.2131224063245698,0.0,0.45808947370253383,0.9990654205607477,1.0,0.6910444902872827,instance,informative
1,0.17051282051282057,0.4,0.16666666666666663,0.7857142857142857,0.5063340856370716,0.25,0.4993434465912956,0.9996884735202493,1.0,0.6118953025442747,instance,informative
1,0.06432360742705567,0.0,0.2436781609195402,1.0,0.4818007720404469,0.0,0.4751100966330861,0.9947040498442368,1.0,0.47191478312807555,instance,informative
1,0.09558823529411764,0.2,0.36363636363636365,0.5,0.547977660477665,0.0,0.4894349494272008,0.9987538940809969,1.0,-0.29958527143057384,instance,informative
1,0.0714285714285714,0.2,0.2329749103942652,0.2857142857142857,0.24243173150280029,0.0,0.4884362747993851,0.9990654205607477,0.975,0.7928029663933825,instance,informative
1,0.16602316602316602,0.0,0.16666666666666663,0.5,0.16066245207511642,0.0,0.46814870331910685,0.9968847352024922,1.0,0.16912669591202745,instance,informative
1,0.19655497876356764,0.2,0.2436781609195402,0.5357142857142857,0.4418186266924219,0.0,0.4814383726267556,0.9993769470404984,1.0,0.6546821565991142,instance,informative
0,0.6462264150943396,0.8,0.7329545454545454,0.4642857142857143,0.6728839588766939,0.5,0.5058911850014329,1.0,0.975,-0.9523593939362387,instance,informative
1,0.16963190184049082,0.6,0.2670454545454546,0.42857142857142855,0.24379834243927273,0.5,0.516670888153618,1.0,1.0,1.0752885532257277,instance,informative
1,0.11538461538461542,0.4,0.2436781609195402,0.8928571428571429,0.25870851430448816,0.0,0.48348609108459784,0.9993769470404984,1.0,0.8613188021390011,instance,informative
1,0.326844262295082,0.2,0.2436781609195402,0.8928571428571429,0.39179248356162155,0.0,0.4898722825339997,0.9990654205607477,0.975,0.3833266504239558,instance,informative
1,0.09023066485753062,0.0,0.2670454545454546,0.4642857142857143,0.21546399681615525,0.0,0.45583326441387206,0.9962616822429906,1.0,0.7014433592636551,instance,informative
1,0.07051282051282048,0.0,0.5272727272727273,0.5714285714285714,0.3840108075405029,0.0,0.4388459568161771,0.9965732087227415,1.0,0.5429425583894086,instance,informative
0,0.8034450212364322,0.6,0.7563218390804598,0.7857142857142857,0.5004020328159298,1.0,0.5077300030880824,1.0,1.0,-0.16855678931900814,instance,informative
1,0.07480314960629919,0.0,0.2436781609195402,0.8928571428571429,0.18713155035150075,0.0,0.42025217674855264,0.997196261682243,1.0,1.0617978583637424,instance,informative
1,0.07317073170731714,0.0,0.7719298245614035,0.42857142857142855,0.20341829584165722,0.0,0.4744118519084418,0.9968847352024922,1.0,0.5516943134450387,instance,informative
1,0.4320652173913043,0.0,0.2329749103942652,0.2857142857142857,0.21011794493785574,0.0,0.4791376113465614,0.9965732087227415,1.0,0.8320601471758579,instance,informative
1,0.14574468085106385,0.2,0.36363636363636365,0.32142857142857145,0.24583713917799432,0.5,0.5045522307306618,1.0,1.0,1.15607127792055,instance,informative
1,0.33333333333333326,0.4,0.25,0.17857142857142858,0.5134579607648987,0.0,0.4984419220420554,0.9996884735202493,1.0,0.014759063537118824,instance,informative
1,0.1685531496062992,0.4,0.18727272727272726,0.6428571428571429,0.1883065727849741,0.0,0.487009410619176,0.9993769470404984,1.0,1.3825886814072805,instance,informative
1,0.35370051635111877,0.0,0.4236453201970444,0.4642857142857143,0.2118567199000575,0.0,0.48249540233230115,0.9978193146417446,1.0,0.338928735186967,instance,informative
1,0.1162046908315566,0.0,0.16666666666666663,0.7857142857142857,0.2368765435671344,0.3333333333333333,0.445837813382884,0.997196261682243,1.0,1.225409413264203,instance,informative
1,0.05844155844155852,0.0,0.18727272727272726,0.6428571428571429,0.1580665315196294,0.0,0.43081790291231226,0.9947040498442368,1.0,1.0984322125584447,instance,informative
1,0.21963190184049075,0.0,0.2670454545454546,0.4642857142857143,0.35580315228927706,0.0,0.48270724755156147,0.997196261682243,1.0,0.5950805782097021,instance,informative
0,0.8018292682926829,1.0,0.13559322033898302,0.21428571428571427,0.5579886202836675,1.0,0.5345365548312406,1.0,1.0,-0.4644922424711073,instance,informative
1,0.14459930313588854,0.2,0.2670454545454546,0.7857142857142857,0.6188576444366458,0.0,0.4848000757679164,0.9987538940809969,1.0,0.08658669032823028,instance,informative
1,0.0,0.2,0.2329749103942652,0.5357142857142857,0.13552438645627907,1.0,0.501600761333965,1.0,0.975,0.7453837515213603,instance,informative
1,0.41133720930232553,0.4,0.2670454545454546,0.7857142857142857,0.4715247965486177,1.0,0.5026409208756171,1.0,1.0,0.23660127102070766,instance,informative
0,0.575,1.0,0.673202614379085,0.6071428571428571,0.763163674463716,1.0,0.5220742128117419,1.0,1.0,-0.1057100581854704,instance,informative
1,0.17379077615298089,0.4,0.2436781609195402,0.8928571428571429,0.19768000368869015,0.3333333333333333,0.5166599157460959,1.0,1.0,0.743005916163469,instance,informative
1,0.10952380952380958,0.0,0.2670454545454546,0.7857142857142857,0.20455947957773962,0.0,0.46323561310407313,0.9981308411214953,1.0,1.1545418138539036,instance,informative
1,0.0,0.0,0.326797385620915,0.5,0.1360802112719206,0.0,0.4733250979658288,0.9968847352024922,1.0,1.4176540649782214,instance,informative
1,0.3699494949494949,0.0,0.2670454545454546,0.75,0.26415504467136497,0.0,0.43378717860549487,0.9975077881619938,1.0,0.6377613204216397,instance,informative
1,0.12025769506084472,0.2,0.18974358974358974,0.6785714285714286,0.14424327348337973,0.16666666666666666,0.5187308595886222,1.0,1.0,0.7105113767528245,instance,informative
1,0.2133699633699634,0.0,0.2670454545454546,0.7857142857142857,0.46295803790186585,0.0,0.44327587048023365,0.9984423676012462,1.0,0.3182671668300789,instance,informative
1,0.16326530612244894,0.0,0.2670454545454546,0.6071428571428571,0.12659485961782385,0.0,0.48127975647516563,0.9956386292834891,1.0,1.2920805018035944,instance,informative
1,0.33333333333333337,0.2,0.2436781609195402,0.8928571428571429,0.33886899595072195,0.25,0.4883435897561105,0.9993769470404984,1.0,0.6950207722324014,instance,informative
1,0.1821705426356589,0.0,0.18727272727272726,0.4642857142857143,0.5082788510463082,0.0,0.47192676431887104,0.9965732087227415,1.0,0.48388802207952564,instance,informative
1,0.3775100401606426,0.6,0.2670454545454546,0.75,0.1913087266933629,0.6,0.5287199930325042,1.0,1.0,0.9112538502199391,instance,informative
1,0.28205128205128205,0.2,0.326797385620915,0.5357142857142857,0.22764461725589635,0.0,0.4732808248900562,0.9990654205607477,1.0,0.48751630544359525,instance,informative
1,0.14615384615384608,0.2,0.2436781609195402,0.8928571428571429,0.47117969862186826,0.0,0.4917268883060909,0.9990654205607477,1.0,0.37303047952154417,instance,informative
1,0.23550724637681153,0.2,0.16666666666666663,0.7857142857142857,0.3754479887367851,0.16666666666666666,0.4983897450800485,0.9996884735202493,1.0,0.46985946386210486,instance,informative
1,0.21084337349397586,0.2,0.2329749103942652,0.35714285714285715,0.2678420530268282,0.0,0.4852758662130211,0.9993769470404984,1.0,0.4843963281905481,instance,informative
1,0.07407407407407407,0.2,0.2329749103942652,0.6071428571428571,0.2617379932032886,0.0,0.48569320562607965,0.9993769470404984,1.0,0.8279831428204607,instance,informative
1,0.23550724637681153,0.0,0.18727272727272726,0.6071428571428571,0.3328511574688293,0.0,0.46400901183861554,0.9968847352024922,1.0,0.39910224359253016,instance,informative
1,0.27334337349397586,0.0,0.48888888888888893,0.4642857142857143,0.3059891805205227,0.0,0.47149141580239284,0.9959501557632399,1.0,0.6900866117353839,instance,informative
1,0.125,0.2,0.36363636363636365,0.5,0.1563455876032358,0.0,0.48087869741492484,0.9990654205607477,1.0,1.0434547459635541,instance,informative
1,0.23897058823529416,0.2,0.4236453201970444,0.7142857142857143,0.1621777327568532,0.5,0.5034857161586093,1.0,1.0,0.6334466825975527,instance,informative
1,0.16880341880341887,0.2,0.18974358974358974,0.6785714285714286,0.2958983072435717,0.0,0.4630943583130994,0.9996884735202493,1.0,0.9264817146077097,instance,informative
1,0.184640522875817,0.0,0.5272727272727273,0.6071428571428571,0.4037051026774171,0.14285714285714285,0.4823157176611437,0.9984423676012462,1.0,0.444678636725106,instance,informative
1,0.16902887139107614,0.0,0.48888888888888893,0.5714285714285714,0.22291228128081908,0.25,0.4421977136898918,0.9981308411214953,1.0,0.8622695231860396,instance,informative
1,0.19770114942528738,0.0,0.2436781609195402,0.5357142857142857,0.1956163384032802,0.0,0.4795971008061152,0.9981308411214953,1.0,0.9916284666091746,instance,informative
1,0.2133699633699634,0.4,0.2436781609195402,0.8928571428571429,0.35998090700198093,0.5,0.49731244651095075,0.9996884735202493,1.0,0.406977920921058,instance,informative
0,0.7738095238095238,1.0,0.8127272727272727,0.6071428571428571,0.625836363874742,1.0,0.5597052080108225,1.0,1.0,-0.4617293229438714,instance,informative
1,0.14901477832512322,0.0,0.326797385620915,0.5714285714285714,0.18825569883734833,0.0,0.47157186024198705,0.9953271028037384,1.0,1.379627157003092,instance,informative
0,0.7962264150943397,1.0,0.673202614379085,0.6071428571428571,0.7040406634831632,1.0,0.5216267341070717,1.0,1.0,-1.0728182472552157,instance,informative
1,0.3833504624871531,0.4,0.2436781609195402,0.39285714285714285,0.20029387731565523,0.5,0.5164735941080725,1.0,1.0,0.9822976188991641,instance,informative
1,0.35370051635111877,0.2,0.2670454545454546,0.5714285714285714,0.18763113231320172,0.0,0.46965226263755877,0.9993769470404984,1.0,1.0455796148623968,instance,informative
1,0.19770114942528738,0.2,0.2436781609195402,0.42857142857142855,0.14783517816132657,0.5,0.49310398122343213,0.9996884735202493,1.0,1.1358225334029126,instance,informative
1,0.09305555555555556,0.2,0.7536231884057971,0.39285714285714285,0.44872173890956846,1.0,0.5197129439818592,1.0,1.0,-0.2393655243781855,instance,informative
0,0.7976190476190477,1.0,0.7670250896057348,0.5714285714285714,0.6630818535989458,1.0,0.5168198579128318,1.0,1.0,-0.40358621886565693,instance,informative
1,0.27334337349397586,0.2,0.2670454545454546,0.7857142857142857,0.21083086047097882,0.25,0.46825687936079863,0.9996884735202493,1.0,0.9952189559166148,instance,informative
1,0.17500000000000004,0.4,0.18727272727272726,0.75,0.40244563135250766,0.3333333333333333,0.5006952616381785,1.0,1.0,0.7683532971131486,instance,informative
1,0.184640522875817,0.4,0.2329749103942652,0.4642857142857143,0.185257775430052,0.0,0.48345342755829246,0.9993769470404984,1.0,1.0020899586037832,instance,informative
1,0.0,0.2,0.2670454545454546,0.75,0.4837490961364378,0.0,0.49416660068085483,0.9993769470404984,1.0,0.22928897906437523,instance,informative
1,0.2248031496062992,0.2,0.2329749103942652,0.5357142857142857,0.3396634977293642,0.0,0.4358487903541244,0.9987538940809969,1.0,0.5079234362163034,instance,informative
1,0.11956521739130432,0.0,0.36363636363636365,0.4642857142857143,0.24524065702340747,0.0,0.4518990018027219,0.9978193146417446,1.0,0.6251097347921275,instance,informative
1,0.34632034632034636,0.0,0.2436781609195402,0.8928571428571429,0.18889138525176385,0.0,0.43611925958064757,0.9953271028037384,1.0,0.5659474984063226,instance,informative
1,0.141941391941392,0.0,0.2670454545454546,0.75,0.5410658572371544,0.25,0.4448012567936541,0.9953271028037384,1.0,0.7456867700445997,instance,informative
1,0.18154761904761907,0.0,0.4236453201970444,0.7142857142857143,0.4197911303872175,0.0,0.4798691937831403,0.9981308411214953,1.0,0.15040273001312032,instance,informative
0,0.7598627787307033,0.6,0.7563218390804598,0.8571428571428571,0.7985515543305618,1.0,0.5163634092737888,1.0,1.0,-1.4894664411760707,instance,informative
1,0.21963190184049075,0.0,0.2436781609195402,0.8928571428571429,0.3839465199885911,0.0,0.46098307877006317,0.9984423676012462,1.0,0.8141335693262536,instance,informative
1,0.37058823529411766,0.0,0.18727272727272726,0.7142857142857143,0.30781193510226523,0.0,0.460945857000144,0.9981308411214953,1.0,0.9977183847088026,instance,informative
1,0.2655038759689923,0.8,0.2436781609195402,0.35714285714285715,0.2201460458419654,1.0,0.5397815262714707,1.0,1.0,0.4555257278202136,instance,informative
1,0.326844262295082,0.0,0.2670454545454546,0.6428571428571429,0.42793173821290487,0.0,0.4276212237194109,0.9965732087227415,1.0,0.6604661262381599,instance,informative
1,0.13301282051282048,0.0,0.2436781609195402,0.8928571428571429,0.3477389716095889,0.0,0.44275587786771764,0.9975077881619938,1.0,0.8790188998046186,instance,informative
1,0.10952380952380958,0.4,0.4236453201970444,0.7142857142857143,0.24413783570708503,1.0,0.5035140521663097,1.0,1.0,0.5603986706616533,instance,informative
1,0.025862068965517238,0.2,0.2329749103942652,0.6785714285714286,0.4976497132505412,0.0,0.47085835203983073,0.9987538940809969,1.0,0.5378730071198224,instance,informative
1,0.05844155844155852,0.2,0.18974358974358974,0.6785714285714286,0.19583190890574542,0.25,0.4818710438818815,0.9990654205607477,1.0,1.24860279220419,instance,informative
1,0.19327129563350032,0.2,0.7840909090909091,0.25,0.25305860015612847,0.0,0.4887130147593568,0.9996884735202493,1.0,0.6604278237578514,instance,informative
1,0.050000000000000044,0.2,0.25,0.17857142857142858,0.5077377094549197,0.0,0.4855666880940849,0.9993769470404984,1.0,0.6025254390554007,instance,informative
0,0.8174603174603174,0.8,0.31472081218274117,0.4642857142857143,0.8188963620856582,1.0,0.517476385603428,1.0,1.0,-0.5487334957616508,instance,informative
1,0.16902887139107614,0.0,0.16666666666666663,0.7857142857142857,0.2600630874089237,0.5,0.44383267766905454,0.9984423676012462,1.0,0.8536118141783933,instance,informative
1,0.14027777777777772,0.0,0.7719298245614035,0.42857142857142855,0.18173451227404203,0.0,0.4461690507588335,0.9962616822429906,1.0,0.74207832406905,instance,informative
0,0.7601626016260163,0.6,0.7329545454545454,0.7142857142857143,0.6151869818246808,1.0,0.511569951366897,1.0,1.0,-0.7212892620456459,instance,informative
1,0.059523809523809534,0.6,0.18727272727272726,0.6071428571428571,0.19198998591240274,1.0,0.5184319927280681,1.0,1.0,0.8013025174809197,instance,informative
0,0.4545454545454546,0.8,0.5763546798029557,0.6785714285714286,0.8146603967279842,1.0,0.5280645442506411,1.0,1.0,-1.101406599998469,instance,informative
1,0.08333333333333326,0.2,0.16666666666666663,0.7857142857142857,0.43567346841984467,0.0,0.47565203013889035,0.9990654205607477,1.0,1.0962552629931326,instance,informative
1,0.18196721311475406,0.2,0.18727272727272726,0.7142857142857143,0.13679157936773734,0.0,0.46744150365131165,0.9993769470404984,1.0,1.3659835847183572,instance,informative
0,0.735632183908046,1.0,0.21590909090909094,0.32142857142857145,0.6757595959822909,1.0,0.5538789724108266,1.0,1.0,-0.8530851413421793,instance,informative
1,0.09023066485753062,0.0,0.18666666666666665,0.5,0.15543945124131575,0.0,0.4498323954623539,0.9956386292834891,1.0,0.7659240700600856,instance,informative
1,0.11321721311475408,0.2,0.2670454545454546,0.6071428571428571,0.34415995622875795,0.0,0.48971653246786784,0.9993769470404984,1.0,1.1208966907281463,instance,informative
1,0.17462422634836428,0.0,0.18727272727272726,0.6428571428571429,0.2262719782778032,0.0,0.4632079490204891,0.997196261682243,1.0,1.1600415052451767,instance,informative
1,0.16963190184049082,0.0,0.2670454545454546,0.7857142857142857,0.5649302950272196,0.0,0.4617872474520205,0.9981308411214953,1.0,0.6578270117397482,instance,informative
1,0.15844155844155838,0.2,0.2670454545454546,0.6071428571428571,0.33401183823213804,0.3333333333333333,0.48978153569194705,0.9996884735202493,1.0,0.8100230061182883,instance,informative
1,0.0,0.2,0.2436781609195402,0.8928571428571429,0.13231313460469823,0.0,0.4983610171553038,0.9996884735202493,1.0,1.1705309510686033,instance,informative
1,0.28205128205128205,0.4,0.16666666666666663,0.4642857142857143,0.5038709809878444,1.0,0.5154684100837386,1.0,1.0,0.8122916115053426,instance,informative
1,0.04477611940298509,0.0,0.2329749103942652,0.6071428571428571,0.14358346844779668,0.0,0.457874801598384,0.997196261682243,1.0,1.1504080170426338,instance,informative
1,0.0901639344262295,0.2,0.18727272727272726,0.7142857142857143,0.16162150874823944,0.0,0.49709582259669594,0.9996884735202493,1.0,0.9529601485212746,instance,informative
1,0.21963190184049075,0.0,0.2329749103942652,0.6785714285714286,0.3055882465735468,0.0,0.46286461890499675,0.9975077881619938,1.0,0.9769908055910181,instance,informative
0,0.5495689655172413,0.6,0.7670250896057348,0.39285714285714285,0.7249478413901457,1.0,0.5126953274773691,1.0,1.0,-0.319661427333477,instance,informative
1,0.326844262295082,0.2,0.25,0.17857142857142858,0.431721551576639,0.0,0.49116275561703926,0.9990654205607477,1.0,0.42365390970426586,instance,informative
1,0.3615664845173041,0.2,0.2670454545454546,0.75,0.6651116535912331,0.0,0.48590551749106503,0.9987538940809969,1.0,0.47859610200961467,instance,informative
1,0.0714285714285714,0.0,0.18727272727272726,0.6428571428571429,0.2058386071252295,0.0,0.4455877743720509,0.9962616822429906,1.0,0.6075622367271647,instance,informative
1,0.07499999999999996,0.0,0.18727272727272726,0.75,0.1503243358233436,0.0,0.46827811156570975,0.9959501557632399,1.0,0.8548575011878398,instance,informative
1,0.1685531496062992,0.2,0.4236453201970444,0.5357142857142857,0.420765770001863,0.5,0.5271774502700247,1.0,1.0,0.8231776666952979,instance,informative
1,0.125,0.2,0.36363636363636365,0.32142857142857145,0.1816301747437296,0.0,0.46154869319150993,0.9993769470404984,1.0,0.35947876616363367,instance,informative
1,0.2690288713910761,0.0,0.5272727272727273,0.6071428571428571,0.314866592483806,0.0,0.4631698011206742,0.994392523364486,1.0,0.6035071863296607,instance,informative
1,0.07480314960629919,0.2,0.2436781609195402,0.8571428571428571,0.18916669309644557,1.0,0.5022444513743825,1.0,1.0,0.773018407775031,instance,informative
1,0.0901639344262295,0.0,0.2329749103942652,0.5714285714285714,0.39107601238732304,0.0,0.4657132437307896,0.9962616822429906,1.0,0.7995533488716721,instance,informative
1,0.07352941176470584,0.0,0.2329749103942652,0.2857142857142857,0.24620202366515054,0.0,0.47889787824057495,0.9981308411214953,1.0,1.1303716059345206,instance,informative
1,0.0714285714285714,0.0,0.5272727272727273,0.6071428571428571,0.14844316894507414,0.0,0.4611170682478928,0.9984423676012462,1.0,0.6132121256939195,instance,informative
1,0.2401372212692967,0.2,0.2670454545454546,0.6071428571428571,0.26862870594444554,0.2,0.5308955021519526,1.0,1.0,0.7283764186722509,instance,informative
1,0.09615384615384615,0.0,0.2670454545454546,0.42857142857142855,0.213468261083477,0.0,0.4636798720330927,0.9978193146417446,1.0,0.37309957569072294,instance,informative
1,0.5023980815347722,0.2,0.2670454545454546,0.7857142857142857,0.34384214084469267,0.0,0.4874328990201976,0.9990654205607477,1.0,0.3200909364703569,instance,informative
1,0.24425287356321834,0.0,0.18974358974358974,0.6071428571428571,0.15177709103039844,0.0,0.4776375379216432,0.9981308411214953,1.0,0.6309826357016387,instance,informative
0,0.8044117647058824,0.6,0.7563218390804598,0.39285714285714285,0.7826912643755448,0.5,0.49110299743672725,0.9994407158836689,1.0,-1.080898003177083,instance,informative
1,0.21717171717171713,0.2,0.2329749103942652,0.2857142857142857,0.20949303774495165,0.0,0.4946329895115128,0.9996884735202493,1.0,0.5837448848547961,instance,informative
1,0.26248904469763357,0.0,0.2670454545454546,0.75,0.24286200978119554,0.0,0.4587481947451334,0.997196261682243,1.0,1.1331356825588903,instance,informative
1,0.23897058823529416,0.0,0.2670454545454546,0.7857142857142857,0.16232102821941308,0.0,0.4457270126456373,0.9850467289719627,1.0,0.6954524058779945,instance,informative
0,0.8068376068376069,1.0,0.7563218390804598,0.6071428571428571,0.8762154015854486,1.0,0.5255867894070987,1.0,1.0,-1.220916379948292,instance,informative
1,0.21963190184049075,0.2,0.6852791878172588,0.39285714285714285,0.21303212214590417,0.0,0.4808509445014688,0.9987538940809969,1.0,1.4217813738608223,instance,informative
1,0.07971014492753625,0.2,0.4236453201970444,0.6428571428571429,0.2881917122919915,0.25,0.4987983773448911,0.9996884735202493,1.0,0.4451532123251132,instance,informative
1,0.25384615384615383,0.0,0.326797385620915,0.5714285714285714,0.3218165639006666,0.0,0.47655193498918447,0.9981308411214953,1.0,0.8055549727876741,instance,informative
1,0.050000000000000044,0.2,0.326797385620915,0.6071428571428571,0.33660368546934516,0.0,0.4654645243819382,0.9990654205607477,1.0,0.3945603630274254,instance,informative
1,0.12872628726287272,0.0,0.2436781609195402,0.6428571428571429,0.22101717790980235,0.0,0.48302335803772856,0.9984423676012462,1.0,1.1757198381642568,instance,informative
1,0.15932914046121593,0.2,0.36363636363636365,0.4642857142857143,0.5174250797871225,0.0,0.4713025582616658,0.9987538940809969,1.0,0.22583251189389333,instance,informative
1,0.18253968253968256,0.2,0.36363636363636365,0.39285714285714285,0.27888464188366735,0.0,0.4954538546449885,0.9990654205607477,1.0,0.5582099976284179,instance,informative
1,0.0901639344262295,0.2,0.36363636363636365,0.4642857142857143,0.2801617588301661,0.0,0.4594403381349834,0.9987538940809969,1.0,0.8056915801347985,instance,informative
1,0.21963190184049075,0.4,0.2436781609195402,0.8928571428571429,0.18284670768823386,0.0,0.48235026378508017,0.9996884735202493,1.0,0.4385317344361281,instance,informative
1,0.24456521739130432,0.4,0.2329749103942652,0.2857142857142857,0.19426319819240812,0.0,0.47784956418519386,0.9990654205607477,1.0,0.6638677884659168,instance,informative
1,0.06432360742705567,0.0,0.2436781609195402,0.39285714285714285,0.30302599267392827,0.5,0.48812509658421666,0.9981308411214953,1.0,0.9388654053960603,instance,informative
1,0.1478167501789549,0.2,0.2329749103942652,0.35714285714285715,0.27635485031308765,1.0,0.5277101914997425,1.0,1.0,0.8338988436544121,instance,informative
1,0.141941391941392,0.0,0.2436781609195402,0.8928571428571429,0.3998662709376033,0.0,0.4602401635668347,0.9981308411214953,1.0,0.2629293215594506,instance,informative
1,0.15217391304347827,0.2,0.18727272727272726,0.6071428571428571,0.18238769657186776,0.0,0.4835261293882831,0.9987538940809969,1.0,1.1232152497518335,instance,informative
0,0.8509852216748768,0.8,0.8127272727272727,0.6071428571428571,0.7894943852505127,1.0,0.5117343476634197,1.0,1.0,-0.8250263597221693,instance,informative
1,0.11604774535809015,0.2,0.36363636363636365,0.32142857142857145,0.24075861628212747,0.0,0.49469099707747755,0.9993769470404984,1.0,0.4727540547784851,instance,informative
1,0.20727848101265822,0.4,0.4236453201970444,0.4642857142857143,0.17387166851396063,0.5,0.4817215102750717,0.9996884735202493,1.0,0.7544457499653319,instance,informative
1,0.09558823529411764,0.0,0.2436781609195402,0.42857142857142855,0.16084594351743575,0.0,0.47998021898519183,0.9968847352024922,1.0,0.2537666218695841,instance,informative
1,0.025862068965517238,0.0,0.16666666666666663,0.7857142857142857,0.14877892238988066,0.0,0.4603953502068793,0.9984423676012462,0.975,0.952995857042363,instance,informative
1,0.0,0.4,0.2670454545454546,0.75,0.5486217252954315,0.0,0.4971078441949385,0.9996884735202493,1.0,-0.12359679388808559,instance,informative
0,0.8111111111111111,1.0,0.5763546798029557,0.6785714285714286,0.8400299199668169,1.0,0.558261816980812,1.0,1.0,-0.8093297487198186,instance,informative
1,0.07407407407407407,0.0,0.36363636363636365,0.35714285714285715,0.43764080462575683,0.0,0.45701645680910874,0.9981308411214953,0.975,0.5692084049847062,instance,informative
1,0.059523809523809534,0.0,0.2670454545454546,0.7857142857142857,0.4556939108896257,0.0,0.46972800927311986,0.9984423676012462,1.0,0.6155626629756139,instance,informative
1,0.3879310344827587,0.0,0.08333333333333337,0.10714285714285714,0.5498017266539079,0.0,0.4404506754740386,0.9975077881619938,1.0,0.4941021335027931,instance,informative
1,0.22619047619047616,0.2,0.18727272727272726,0.8214285714285714,0.17714240992637514,0.25,0.5162592840159872,1.0,1.0,0.9244164249611154,instance,informative
1,0.09459459459459452,0.0,0.2670454545454546,0.6428571428571429,0.19055594309689683,0.0,0.4691726967206993,0.9956386292834891,1.0,1.0424349337490397,instance,informative
1,0.3434343434343434,0.4,0.36363636363636365,0.4642857142857143,0.4332051504721389,0.25,0.4840745286470146,0.9993769470404984,1.0,0.7602968385224663,instance,informative
1,0.21084337349397586,0.4,0.2436781609195402,0.42857142857142855,0.5032727200732611,0.0,0.4953062167094687,0.9993769470404984,1.0,0.7345562165359021,instance,informative
1,0.14901477832512322,0.0,0.36363636363636365,0.5,0.1645509901129376,0.0,0.46405120723965765,0.997196261682243,1.0,0.7141322362619323,instance,informative
1,0.2116161616161616,0.2,0.2329749103942652,0.5,0.2264294293266954,0.125,0.49939350071764754,0.9996884735202493,1.0,0.9097882775913443,instance,informative
0,0.8251968503937008,1.0,0.5763546798029557,0.6785714285714286,0.45165474825094254,1.0,0.5238846993766868,1.0,1.0,-0.3392485449458365,instance,informative
1,0.2655038759689923,0.2,0.2436781609195402,0.8928571428571429,0.1496176226091281,0.0,0.46411235729490197,0.9987538940809969,1.0,1.1437307562971655,instance,informative
1,0.04477611940298509,0.2,0.2436781609195402,0.75,0.416045378249429,0.5,0.5055228613185521,1.0,1.0,0.841964595810218,instance,informative
1,0.21084337349397586,0.2,0.2436781609195402,0.42857142857142855,0.5428640466878397,0.0,0.4976059834530787,0.9996884735202493,1.0,0.03090054239600825,instance,informative
1,0.07758620689655171,0.0,0.25,0.17857142857142858,0.24813971482332325,0.0,0.4607311176924761,0.9981308411214953,1.0,0.8239943429986126,instance,informative
1,0.16326530612244894,0.0,0.18727272727272726,0.7142857142857143,0.22102037003907604,0.0,0.4813059577319839,0.9984423676012462,1.0,0.8500058237745903,instance,informative
1,0.19307832422586513,0.2,0.48888888888888893,0.4642857142857143,0.34728298451875605,0.0,0.4828082533370277,0.9990654205607477,1.0,0.6666868791154386,instance,informative
1,0.2047619047619048,0.4,0.2436781609195402,0.8571428571428571,0.2231025544599028,0.5,0.47975355637020745,0.9996884735202493,1.0,0.7947548345710462,instance,informative
1,0.1779279279279279,0.0,0.2670454545454546,0.7857142857142857,0.47116799419843414,0.0,0.46373011941779263,0.9981308411214953,1.0,0.5326620394830025,instance,informative
1,0.03749999999999998,0.4,0.16666666666666663,0.8214285714285714,0.5997359631109451,0.0,0.47874017682853465,0.9993769470404984,1.0,0.6929353530369915,instance,informative
1,0.34626436781609193,0.0,0.2436781609195402,0.8928571428571429,0.6015320572571868,0.0,0.43281857732499185,0.9947040498442368,1.0,0.3156427262163919,instance,informative
1,0.4190647482014389,0.2,0.18727272727272726,0.75,0.21540682515759352,1.0,0.5195005634212888,1.0,1.0,0.31524671816915234,instance,informative
1,0.24018838304552592,0.2,0.18974358974358974,0.6785714285714286,0.4712445145224403,0.5,0.48120820813649967,0.9996884735202493,1.0,0.42195785758877324,instance,informative
1,0.1964285714285714,0.2,0.2436781609195402,0.8928571428571429,0.20733316424382287,0.3333333333333333,0.4956595123634038,0.9987538940809969,1.0,1.0206656418049276,instance,informative
1,0.3277777777777777,0.2,0.2670454545454546,0.7857142857142857,0.24709076357289417,0.0,0.4965006447668251,0.9996884735202493,1.0,0.5719431224693377,instance,informative
1,0.16161616161616155,0.2,0.18727272727272726,0.6428571428571429,0.16673621937269312,0.16666666666666666,0.4625411320566607,0.9987538940809969,1.0,1.1393010136689399,instance,informative
1,0.11963190184049077,0.2,0.2670454545454546,0.7857142857142857,0.2610176136222918,0.0,0.49097290337458566,0.9990654205607477,1.0,1.083339623394865,instance,informative
1,0.3699494949494949,0.2,0.2670454545454546,0.7857142857142857,0.26458037703622905,0.4,0.48620630104683227,0.9990654205607477,1.0,0.7577715868983101,instance,informative
1,0.2116161616161616,0.2,0.2670454545454546,0.5714285714285714,0.2856559662474457,0.0,0.46458059015085995,0.9993769470404984,1.0,0.37882033951299293,instance,informative
1,0.21963190184049075,0.0,0.18727272727272726,0.5,0.1834702980202989,0.0,0.44403959022803663,0.9953271028037384,1.0,0.9133306576207494,instance,informative
1,0.04477611940298509,0.2,0.2329749103942652,0.6071428571428571,0.2645320680225423,0.5,0.4945195606363363,0.9996884735202493,1.0,0.15846605540638922,instance,informative
1,0.34626436781609193,0.2,0.36363636363636365,0.32142857142857145,0.6452493219606873,0.0,0.4922804044291882,0.9993769470404984,1.0,0.10778176514586801,instance,informative
1,0.07480314960629919,0.4,0.18974358974358974,0.6071428571428571,0.35127694834700296,0.0,0.45505263570769994,0.9990654205607477,1.0,0.6529342263361426,instance,informative
1,0.12872628726287272,0.4,0.4236453201970444,0.4642857142857143,0.1984799178761909,0.3333333333333333,0.52135846647035,1.0,1.0,1.0101504188567356,instance,informative
1,0.09677419354838712,0.0,0.18727272727272726,0.6071428571428571,0.1817198419317223,0.0,0.48385315445023624,0.9981308411214953,0.975,0.32958379963156126,instance,informative
0,0.7952380952380953,1.0,0.7563218390804598,0.7857142857142857,0.7046035088349287,1.0,0.5179925353805609,1.0,1.0,-0.8539295001257157,instance,informative
1,0.12025769506084472,0.4,0.7840909090909091,0.32142857142857145,0.45815226942974074,0.0,0.49318142422397415,0.9996884735202493,1.0,0.4434367064756729,instance,informative
1,0.18591426071741024,0.0,0.2436781609195402,0.8928571428571429,0.17717819228770848,0.16666666666666666,0.4446532229482464,0.9928348909657321,1.0,1.3497063745768725,instance,informative
1,0.2862985685071575,0.4,0.2329749103942652,0.4642857142857143,0.1726672998726141,0.5,0.5186344263949965,1.0,1.0,0.9574689297488156,instance,informative
1,0.050000000000000044,0.2,0.4236453201970444,0.4642857142857143,0.14607781202587217,0.0,0.4626880515075299,0.9990654205607477,1.0,0.4824966374639323,instance,informative
1,0.13035870516185477,0.2,0.18666666666666665,0.5,0.203316840560458,0.25,0.49912051318143236,0.9996884735202493,1.0,1.051008601655884,instance,informative
1,0.16666666666666674,0.2,0.36363636363636365,0.35714285714285715,0.22735887526942805,0.0,0.49835060935876874,0.9993769470404984,1.0,0.7575281167121007,instance,informative
1,0.1957446808510639,0.2,0.36363636363636365,0.35714285714285715,0.22940317476078592,0.3333333333333333,0.5076254251371954,1.0,1.0,0.6986669919150952,instance,informative
1,0.10377358490566035,0.0,0.2436781609195402,0.8928571428571429,0.2986831879185462,0.0,0.43975451431119195,0.9968847352024922,1.0,1.196585016183087,instance,informative
1,0.13301282051282048,0.0,0.2436781609195402,0.35714285714285715,0.529335855664425,0.0,0.43760330487537036,0.9962616822429906,1.0,-0.2104265648525856,instance,informative
1,0.09883720930232553,0.0,0.16666666666666663,0.7857142857142857,0.3512824728936941,0.0,0.46103096826043954,0.9937694704049844,1.0,1.1965763562941187,instance,informative
1,0.28205128205128205,0.2,0.326797385620915,0.5714285714285714,0.15555720681652607,0.0,0.48612200244363246,0.9990654205607477,1.0,1.261606839286434,instance,informative
1,0.05844155844155852,0.0,0.18727272727272726,0.6428571428571429,0.17001625963881306,0.0,0.43713739354097203,0.9940809968847352,1.0,1.3992957821920338,instance,informative
1,0.13,0.0,0.2436781609195402,0.42857142857142855,0.4377486290283009,0.0,0.45264555216661406,0.9956386292834891,1.0,0.20660717865969788,instance,informative
1,0.2116161616161616,0.0,0.6852791878172588,0.25,0.46181999712065747,0.0,0.47612378734700944,0.997196261682243,1.0,0.26843685656881366,instance,informative
0,0.7505789717461788,0.8,0.7563218390804598,0.39285714285714285,0.6704070909872968,1.0,0.5127705568458072,1.0,1.0,-0.5984254249212065,instance,informative
0,0.375,0.8,0.7563218390804598,0.39285714285714285,0.7775086011388097,1.0,0.5214564377739328,1.0,1.0,-1.2635140485637726,instance,informative
1,0.18591426071741024,0.0,0.18974358974358974,0.6785714285714286,0.42365108326183565,0.0,0.45353332879238917,0.9975077881619938,1.0,0.5322013285336942,instance,informative
0,0.0,1.0,0.7670250896057348,0.42857142857142855,0.8715828054002444,1.0,0.5262872251434014,1.0,0.975,-0.875271835173016,instance,informative
1,0.13,0.4,0.18727272727272726,0.7142857142857143,0.19351129595883848,0.0,0.4689201141832722,0.9996884735202493,1.0,1.3527940684428064,instance,informative
1,0.14642857142857146,0.2,0.18974358974358974,0.6785714285714286,0.22857299550596366,0.0,0.47610335852749364,0.9990654205607477,1.0,1.2588796848510393,instance,informative
1,0.19338959212376938,0.2,0.18727272727272726,0.7142857142857143,0.136787998921426,0.0,0.47537166360500804,0.9993769470404984,1.0,0.5007249401620567,instance,informative
1,0.16842105263157903,0.2,0.2329749103942652,0.35714285714285715,0.2788256721348346,1.0,0.5110651540474972,1.0,1.0,-0.1827364862471578,instance,informative
1,0.14177489177489178,0.0,0.7536231884057971,0.4642857142857143,0.28321682849533303,0.0,0.4762205761776709,0.9965732087227415,1.0,1.184962730129908,instance,informative
0,0.7890835579514826,0.6,0.5111111111111111,0.6071428571428571,0.41558310509991436,0.0,0.4794812079881562,0.9988814317673378,1.0,-0.44047069029443325,instance,informative
1,0.17500000000000004,0.4,0.2329749103942652,0.25,0.1483330377672067,1.0,0.5152373676144266,1.0,1.0,0.893578567150201,instance,informative
1,0.15476190476190477,0.0,0.2436781609195402,0.75,0.14364104187550186,0.0,0.4736661195318611,0.9981308411214953,1.0,1.1467834698633925,instance,informative
1,0.26241134751773054,0.2,0.36363636363636365,0.4642857142857143,0.3077825914397252,0.0,0.4988565458189619,0.9996884735202493,1.0,0.48212192471854537,instance,informative
1,0.13749999999999996,0.0,0.2436781609195402,0.5714285714285714,0.23661416290553178,0.0,0.4560825793251263,0.997196261682243,0.975,1.067744394372896,instance,informative
1,0.32971014492753625,0.0,0.2329749103942652,0.35714285714285715,0.18701127238457804,0.0,0.44613720150703384,0.9965732087227415,1.0,0.4379367569880396,instance,informative
1,0.09615384615384615,0.4,0.18727272727272726,0.7142857142857143,0.16662635343796717,0.0,0.4932279433758233,0.9996884735202493,1.0,1.2385119560237416,instance,informative
1,0.19480519480519476,0.0,0.18727272727272726,0.75,0.3497501696002554,0.0,0.45668510924840744,0.994392523364486,1.0,0.9224426602731877,instance,informative
0,0.7592592592592593,0.8,0.5763546798029557,0.5714285714285714,0.7118802800407495,0.0,0.4983387191079708,0.9994407158836689,1.0,-0.8597265555126081,instance,informative
1,0.19770114942528738,0.0,0.18727272727272726,0.75,0.12389879907234597,0.0,0.45492631559355723,0.9925233644859813,1.0,1.4219261567524817,instance,informative
1,0.07051282051282048,0.0,0.5272727272727273,0.6071428571428571,0.44205126686795226,0.0,0.4626854662248844,0.9978193146417446,1.0,0.27747384449276813,instance,informative
0,0.8598360655737705,1.0,0.7670250896057348,0.32142857142857145,0.8480657647984577,1.0,0.5718353808334116,1.0,1.0,-0.8936644163892922,instance,informative
1,0.0714285714285714,0.0,0.18974358974358974,0.5357142857142857,0.20906959399235792,0.0,0.4868832793888578,0.9959501557632399,1.0,0.8176912331866977,instance,informative
0,0.6642685851318945,0.6,0.7563218390804598,0.5,0.7608537801980872,0.7142857142857143,0.5132134873534611,1.0,1.0,-0.38625854630034795,instance,informative
1,0.07051282051282048,0.2,0.2436781609195402,0.6785714285714286,0.4892751240507729,0.0,0.4907344608814893,0.9993769470404984,1.0,0.29400857949529857,instance,informative
1,0.17462422634836428,0.4,0.39682539682539686,0.42857142857142855,0.22814422009687885,1.0,0.5028962173138116,1.0,1.0,0.771730267861936,instance,informative
1,0.11956521739130432,0.0,0.2329749103942652,0.5357142857142857,0.15035890388262574,0.0,0.4792444454650968,0.9950155763239875,1.0,-0.027014101328091452,instance,informative
1,0.20752628666297723,0.2,0.2436781609195402,0.39285714285714285,0.2292409983189288,0.0,0.4973854559778157,0.9987538940809969,1.0,0.8262203862949028,instance,informative
1,0.04477611940298509,0.0,0.2329749103942652,0.35714285714285715,0.12889557545532382,0.0,0.4484769058095447,0.9984423676012462,1.0,1.2068123729885174,instance,informative
0,0.8452380952380952,1.0,0.7563218390804598,0.39285714285714285,0.41582978173803165,1.0,0.5495147451941534,1.0,1.0,-0.1255015134851895,instance,informative
1,0.26344086021505375,0.4,0.2436781609195402,0.8928571428571429,0.5111381393605026,0.0,0.4854501028377831,0.9990654205607477,1.0,0.1295323481944037,instance,informative
1,0.34626436781609193,0.2,0.18974358974358974,0.6785714285714286,0.3776997061821531,0.0,0.4729576704966979,0.9993769470404984,1.0,0.24040348789024293,instance,informative
1,0.13183060109289624,0.4,0.48888888888888893,0.4642857142857143,0.44306634766698283,1.0,0.5078201835969676,1.0,1.0,0.20726345315071454,instance,informative
1,0.19307832422586513,0.4,0.2670454545454546,0.7857142857142857,0.3733986620671029,0.0,0.49421736503437697,0.9990654205607477,1.0,0.6732972349815224,instance,informative
1,0.3100303951367782,0.2,0.36363636363636365,0.39285714285714285,0.2554109540626478,0.0,0.4868128012750754,0.9993769470404984,1.0,0.35830909871845495,instance,informative
1,0.08227848101265822,0.2,0.2436781609195402,0.6428571428571429,0.5810967222816644,1.0,0.5135956435540711,1.0,1.0,0.6047188159280112,instance,informative
1,0.14551282051282055,0.0,0.326797385620915,0.5714285714285714,0.26318368045621965,0.0,0.4891453764323347,0.9981308411214953,1.0,0.7120681367859515,instance,informative
0,0.8452380952380952,1.0,0.5763546798029557,0.7142857142857143,0.7689886144273967,1.0,0.5307283964151444,1.0,1.0,-0.7624043075253107,instance,informative
1,0.24040920716112535,0.0,0.2670454545454546,0.5357142857142857,0.22884152669992242,0.0,0.4506693272738669,0.9947040498442368,1.0,1.3253052319150995,instance,informative
1,0.2666666666666666,0.4,0.2329749103942652,0.6785714285714286,0.31283149492887785,0.5,0.4728447998228392,0.9993769470404984,1.0,0.6994775770539438,instance,informative
0,0.6971153846153846,0.8,0.7563218390804598,0.5,0.7189917143384641,0.0,0.47987161857179617,0.9994407158836689,1.0,-0.8494747692545065,instance,informative
1,0.10999999999999999,0.0,0.2329749103942652,0.2857142857142857,0.1985879260004454,0.0,0.48924279872034915,0.9984423676012462,1.0,1.3024268324049453,instance,informative
0,0.780952380952381,0.8,0.7670250896057348,0.25,0.8520669508636582,1.0,0.5129574608031561,1.0,1.0,-1.281280365402355,instance,informative
1,0.3775100401606426,0.2,0.48888888888888893,0.4642857142857143,0.1727337153921361,0.0,0.48974739455979455,0.9996884735202493,1.0,1.2140365151052113,instance,informative
0,0.7554347826086957,0.6,0.6363636363636364,0.39285714285714285,0.7038506753462973,1.0,0.5174261084388894,1.0,1.0,-0.5315679841234188,instance,informative
1,0.2582417582417582,0.4,0.18727272727272726,0.7142857142857143,0.20357899968777193,0.4,0.5104638440854541,1.0,1.0,1.0534748345668414,instance,informative
1,0.21016949152542375,0.0,0.16666666666666663,0.7857142857142857,0.23209708140919566,0.0,0.4733253429777311,0.997196261682243,1.0,1.2719189092740357,instance,informative
1,0.22411616161616155,0.4,0.16666666666666663,0.7857142857142857,0.2809165492292215,0.0,0.4713590122879574,0.9993769470404984,1.0,1.1110630689768506,instance,informative
1,0.2862985685071575,0.2,0.2670454545454546,0.75,0.5755388170717342,0.0,0.47229035503727435,0.9996884735202493,1.0,0.8342527194781645,instance,informative
1,0.13227848101265827,0.0,0.2329749103942652,0.2857142857142857,0.26674123861036836,0.0,0.4866011708814625,0.9984423676012462,1.0,0.7187290091963557,instance,informative
1,0.025000000000000022,0.4,0.2436781609195402,0.32142857142857145,0.4974238568952929,0.0,0.4957097067945688,0.9996884735202493,1.0,0.30716156139239126,instance,informative
1,0.23550724637681153,0.0,0.36363636363636365,0.5,0.501866668345781,0.0,0.48063954423134114,0.997196261682243,1.0,0.676208621861386,instance,informative
0,0.6392712550607287,0.8,0.24637681159420288,0.5714285714285714,0.6286750168288283,0.8,0.5067424544934642,1.0,1.0,-0.8735411307360335,instance,informative
1,0.0714285714285714,0.2,0.16666666666666663,0.4642857142857143,0.37206907958066493,0.0,0.47669367789162,0.9990654205607477,1.0,0.6348182280820105,instance,informative
0,0.7033333333333334,0.8,0.7563218390804598,0.35714285714285715,0.6665998143657671,0.5,0.48666604585883855,0.9994407158836689,1.0,-0.2919802304913848,instance,informative
1,0.3338509316770186,0.2,0.36363636363636365,0.4642857142857143,0.22224744665291807,0.0,0.4865557110261769,0.9996884735202493,1.0,0.4408835863394951,instance,informative
0,0.8660714285714286,0.6,0.8127272727272727,0.42857142857142855,0.760726779248303,1.0,0.5068902242609856,1.0,1.0,-0.4995130269364861,instance,informative
1,0.18194600674915629,0.4,0.18727272727272726,0.75,0.28157900327079577,1.0,0.5041938478194592,1.0,1.0,0.495325016552948,instance,informative
1,0.13095238095238093,0.2,0.2670454545454546,0.7857142857142857,0.3939769269241662,0.0,0.4878079635201584,0.9993769470404984,1.0,0.2967626604997813,instance,informative
1,0.09999999999999998,0.2,0.36363636363636365,0.5,0.46422367037569867,0.0,0.46483347943627407,0.9987538940809969,0.975,0.07426861909818512,instance,informative
1,0.07971014492753625,0.2,0.36363636363636365,0.4642857142857143,0.20741328827853434,0.0,0.4578134235143505,0.9990654205607477,1.0,0.42758380428854204,instance,informative
1,0.15000000000000002,0.0,0.36363636363636365,0.35714285714285715,0.3670185367744156,0.0,0.4565492680835104,0.9962616822429906,1.0,0.3365573598493218,instance,informative
1,0.07480314960629919,0.0,0.18974358974358974,0.6785714285714286,0.23105509104694166,0.0,0.4490835984237612,0.9950155763239875,1.0,0.8410241326251687,instance,informative
1,0.24425287356321834,0.0,0.18727272727272726,0.7142857142857143,0.2132299805222373,0.0,0.4729114255130049,0.9981308411214953,1.0,1.7825654536836344,instance,informative
1,0.050000000000000044,0.0,0.36363636363636365,0.35714285714285715,0.22848577150474553,0.0,0.4764373009832059,0.9981308411214953,1.0,0.3119872270523408,instance,informative
1,0.27334337349397586,0.0,0.326797385620915,0.5714285714285714,0.17007677831707896,0.3333333333333333,0.43112333108685763,0.9959501557632399,1.0,0.8665010342545144,instance,informative
1,0.10999999999999999,0.6,0.36363636363636365,0.4642857142857143,0.2109033356255705,0.5,0.48068576171843513,0.9996884735202493,1.0,0.8526037013219624,instance,informative
1,0.09558823529411764,0.0,0.2436781609195402,0.8928571428571429,0.37327089044889705,0.0,0.44896453352799626,0.9978193146417446,1.0,0.6974457978508127,instance,informative
0,0.64,1.0,0.8127272727272727,0.42857142857142855,0.8154859850821252,1.0,0.514972438206488,1.0,1.0,-1.0319424436493259,instance,informative
1,0.07777777777777772,0.0,0.18727272727272726,0.8214285714285714,0.16840205336747877,0.0,0.4330206329066335,0.997196261682243,0.975,0.7208502880009715,instance,informative
1,0.2416666666666667,0.2,0.08333333333333337,0.10714285714285714,0.25636731815336666,0.0,0.4938489500694738,0.9987538940809969,1.0,0.7877121453530496,instance,informative
1,0.12025769506084472,0.0,0.5272727272727273,0.6071428571428571,0.19526935569170856,0.0,0.44739179604463897,0.9975077881619938,1.0,0.9650845730913914,instance,informative
1,0.09770114942528729,0.4,0.6852791878172588,0.32142857142857145,0.6787549701837432,1.0,0.5114933397210754,1.0,1.0,-0.2872735829002641,instance,informative
1,0.025862068965517238,0.2,0.2329749103942652,0.5714285714285714,0.15918888660625763,0.0,0.472855342584952,0.9990654205607477,1.0,0.6438029310283335,instance,informative
0,0.6384335154826959,1.0,0.7670250896057348,0.25,0.533828059231367,1.0,0.5120453179021054,1.0,0.975,-0.1182847616046694,instance,informative
1,0.11688311688311692,0.2,0.16666666666666663,0.7857142857142857,0.3003349034507955,0.0,0.4881818651744969,0.9987538940809969,1.0,0.49006393420252553,instance,informative
1,0.125,0.0,0.2329749103942652,0.35714285714285715,0.18996720221806596,0.0,0.44813212951638626,0.994392523364486,1.0,1.444136952706775,instance,informative
1,0.256656346749226,0.0,0.39682539682539686,0.39285714285714285,0.4456053353047804,0.0,0.4700020425375121,0.9978193146417446,1.0,0.5993284243105531,instance,informative
1,0.32407407407407407,0.4,0.2329749103942652,0.35714285714285715,0.30076165247571696,0.0,0.49475064744459485,0.9996884735202493,1.0,0.518443556656632,instance,informative
0,0.778888888888889,0.8,0.7670250896057348,0.21428571428571427,0.5084368226770716,1.0,0.5290908254184961,1.0,1.0,-0.40051457567017384,instance,informative
0,0.8542553191489362,0.4,0.7563218390804598,0.7857142857142857,0.606210278234941,0.5,0.4733498345927907,0.9994407158836689,1.0,-0.8812049021241521,instance,informative
1,0.07971014492753625,0.0,0.18666666666666665,0.5,0.2630977095756769,0.0,0.4741874398804675,0.997196261682243,1.0,0.8951609319626997,instance,informative
1,0.0714285714285714,0.0,0.18727272727272726,0.7142857142857143,0.24460843195324278,0.0,0.4502354392176735,0.9981308411214953,1.0,0.6052878294961523,instance,informative
1,0.3245844269466316,0.0,0.2670454545454546,0.7857142857142857,0.22007106731300458,0.0,0.47803134442719497,0.9975077881619938,1.0,1.0924071285588288,instance,informative
1,0.14102564102564097,0.2,0.7536231884057971,0.4642857142857143,0.22724438837534133,0.0,0.48623079754457244,0.9993769470404984,1.0,0.9930892688578988,instance,informative
1,0.11321721311475408,0.4,0.16666666666666663,0.7857142857142857,0.382299725387116,0.2,0.4830979732481443,0.9990654205607477,1.0,1.1000227643901694,instance,informative
1,0.10795454545454541,0.0,0.2670454545454546,0.75,0.43829994251949317,0.0,0.45762967287723255,0.9965732087227415,1.0,0.9311708935700299,instance,informative
1,0.13749999999999996,0.2,0.6852791878172588,0.35714285714285715,0.18307101089617583,0.0,0.490123484445972,0.9987538940809969,1.0,0.6554203269296619,instance,informative
1,0.18154761904761907,0.2,0.2436781609195402,1.0,0.23716903544481754,0.0,0.49357612232769243,0.9996884735202493,1.0,0.4952464647287523,instance,informative
1,0.15217391304347827,0.2,0.2436781609195402,0.5714285714285714,0.2320689183722437,0.0,0.4873094166620522,0.9993769470404984,1.0,0.6281419005831919,instance,informative
1,0.23984962406015042,0.2,0.2670454545454546,0.7857142857142857,0.46826790119435513,0.0,0.47999874254964614,0.9993769470404984,1.0,0.7125449230669599,instance,informative
1,0.2690288713910761,0.2,0.2436781609195402,0.9642857142857143,0.18766024674698017,0.6666666666666666,0.4743814802797732,0.9990654205607477,1.0,0.5831781017301706,instance,informative
1,0.0,0.4,0.2436781609195402,0.8928571428571429,0.2838701709921465,0.0,0.48861575747777597,0.9993769470404984,0.975,0.39331486456096465,instance,informative
1,0.1428571428571429,0.0,0.2670454545454546,0.7857142857142857,0.18273784856232184,0.0,0.44502752547279767,0.9950155763239875,1.0,0.2984268270616657,instance,informative
1,0.16326530612244894,0.2,0.36363636363636365,0.32142857142857145,0.1849403458155532,0.0,0.4843483353405442,0.9990654205607477,1.0,0.6645575867801573,instance,informative
1,0.14588377723970947,0.0,0.2436781609195402,0.8928571428571429,0.23917335474017742,0.0,0.436748609375169,0.9984423676012462,1.0,0.6860748871312428,instance,informative
1,0.22499999999999998,0.4,0.36363636363636365,0.42857142857142855,0.40395064174071615,1.0,0.5015150229251555,1.0,1.0,-0.5120443239335001,instance,informative
0,0.7133838383838383,0.8,0.7329545454545454,0.42857142857142855,0.621446584109249,1.0,0.5513464474609702,1.0,1.0,-0.5179551596788342,instance,informative
1,0.20752628666297723,0.2,0.2436781609195402,0.8928571428571429,0.22510393947297003,0.0,0.4880010384741318,0.9987538940809969,1.0,0.3674346318260093,instance,informative
1,0.22652757078986585,0.0,0.18666666666666665,0.5,0.1856519214842286,0.0,0.4678062090521222,0.9978193146417446,1.0,0.7924894807351228,instance,informative
1,0.19878787878787874,0.2,0.18974358974358974,0.6785714285714286,0.23358819801395636,1.0,0.5155872232000549,1.0,1.0,1.2347503688711878,instance,informative
0,0.8140857392825896,0.6,0.6363636363636364,0.39285714285714285,0.7759339568118871,1.0,0.5235330561898601,1.0,1.0,-0.9751156277460061,instance,informative
1,0.3242857142857143,0.6,0.2436781609195402,0.39285714285714285,0.18458787984573027,0.0,0.4978633892858022,0.9996884735202493,1.0,0.6066685157271626,instance,informative
1,0.3833504624871531,0.2,0.2436781609195402,0.39285714285714285,0.1935060467863291,0.0,0.47230033438352415,0.9987538940809969,1.0,1.2329625201886059,instance,informative
1,0.04477611940298509,0.4,0.2670454545454546,0.7857142857142857,0.2729075875778887,0.4,0.5338781692288703,1.0,1.0,0.287115804643091,instance,informative
1,0.1964285714285714,0.2,0.2436781609195402,0.6428571428571429,0.20211005967642992,0.0,0.47042108233686586,0.9996884735202493,1.0,1.0958783942130947,instance,informative
0,0.8904761904761904,1.0,0.8333333333333334,0.42857142857142855,0.5059846152066427,1.0,0.5308014569126496,1.0,1.0,-0.889806214532041,instance,informative
1,0.24040920716112535,0.0,0.2436781609195402,0.8928571428571429,0.2755711615555425,0.0,0.47264453076210045,0.9978193146417446,1.0,0.7771650481044965,instance,informative
0,0.8174603174603174,1.0,0.4285714285714286,0.4642857142857143,0.7420458843315711,1.0,0.5226177343927009,1.0,1.0,-1.1520805323430494,instance,informative
1,0.3434343434343434,0.6,0.18727272727272726,0.5357142857142857,0.31577868884199234,1.0,0.5058957506064959,1.0,1.0,0.7539320142411517,instance,informative
1,0.2629310344827587,0.2,0.2436781609195402,0.8928571428571429,0.25817480216794647,0.0,0.4824668600635865,0.9993769470404984,1.0,0.5182376544397347,instance,informative
0,0.7930327868852459,0.8,0.8333333333333334,0.8214285714285714,0.5808173000429743,0.0,0.49654453086098305,0.9994407158836689,1.0,-0.4621169331632448,instance,informative
1,0.2684210526315789,0.0,0.18727272727272726,0.5357142857142857,0.5234431119895878,0.0,0.4676378369825742,0.9981308411214953,1.0,0.5758672872925933,instance,informative
1,0.16842105263157903,0.0,0.2436781609195402,0.8928571428571429,0.41826871914396113,0.0,0.4570427574719992,0.9965732087227415,1.0,0.7354262328135568,instance,informative
1,0.025000000000000022,0.0,0.18666666666666665,0.5,0.1485971862496293,0.0,0.47965459701367974,0.9965732087227415,1.0,0.6579047479792898,instance,informative
1,0.10795454545454541,0.0,0.2670454545454546,0.7857142857142857,0.1866004147945265,0.0,0.4804466462573431,0.9978193146417446,1.0,1.3394514004622766,instance,informative
1,0.0,0.0,0.2436781609195402,0.8928571428571429,0.1894962054396836,0.0,0.4387154791991651,0.9984423676012462,1.0,0.6401598652992895,instance,informative
1,0.050000000000000044,0.4,0.16666666666666663,0.8571428571428571,0.27461967559415845,1.0,0.5107281164218851,1.0,0.975,1.147581219408699,instance,informative
1,0.2047619047619048,0.2,0.5714285714285714,0.5,0.15262228647069148,0.0,0.4873201171439546,0.9990654205607477,1.0,1.1180606244484919,instance,informative
1,0.21904761904761905,0.4,0.18974358974358974,0.6785714285714286,0.2026626674605242,0.0,0.4718412765284917,0.9990654205607477,1.0,0.9812802563795661,instance,informative
1,0.29166666666666674,0.6,0.5272727272727273,0.6071428571428571,0.4176642669324515,1.0,0.531409641684166,1.0,1.0,0.7822924868633372,instance,informative
1,0.3992946708463949,0.0,0.2670454545454546,0.4642857142857143,0.2271880452053564,0.0,0.4501897836002564,0.9984423676012462,1.0,0.8884992037806551,instance,informative
1,0.12872628726287272,0.2,0.2436781609195402,0.75,0.3773898284025937,0.0,0.49573875946199075,0.9996884735202493,1.0,0.5020030906600456,instance,informative
1,0.125,0.0,0.2670454545454546,0.7857142857142857,0.5257133604059291,0.0,0.47335985638757316,0.9978193146417446,0.975,-0.37634990634130977,instance,informative
1,0.23934426229508188,0.2,0.2436781609195402,0.8928571428571429,0.1844197718034734,0.5,0.5073853910989671,1.0,1.0,0.4629879304002589,instance,informative
1,0.125,0.2,0.6852791878172588,0.25,0.32448914998753065,0.0,0.4994819638844763,0.9996884735202493,1.0,0.6995233502090694,instance,informative
0,0.6565656565656566,0.8,0.7670250896057348,0.39285714285714285,0.7092471929286267,0.0,0.47066286429144555,0.9994407158836689,1.0,-1.0010450139282778,instance,informative
0,0.5978260869565217,1.0,0.8127272727272727,0.6428571428571429,0.8520462437376166,1.0,0.5163290607048555,1.0,1.0,-1.1003302629593004,instance,informative
1,0.06432360742705567,0.2,0.2329749103942652,0.5357142857142857,0.15841807537541247,0.0,0.4896697572466684,0.9993769470404984,1.0,1.4208253463598257,instance,informative
1,0.15333333333333332,0.0,0.2670454545454546,0.5357142857142857,0.17037328576696187,0.0,0.4820029915415418,0.9984423676012462,1.0,1.4204704727526414,instance,informative
1,0.21084337349397586,0.2,0.4236453201970444,0.7142857142857143,0.19999827277917664,0.0,0.47715823690797965,0.9993769470404984,1.0,0.9234806106275921,instance,informative
1,0.07777777777777772,0.0,0.18727272727272726,0.7142857142857143,0.13081743955141922,0.0,0.472385188602121,0.9975077881619938,1.0,1.629262547934227,instance,informative
1,0.06432360742705567,0.0,0.4236453201970444,0.6428571428571429,0.4695042245205391,0.0,0.4501864554794376,0.9984423676012462,0.975,1.007897615755716,instance,informative
1,0.22111111111111104,0.2,0.2436781609195402,0.39285714285714285,0.45674202351833604,0.3333333333333333,0.5137265355317597,1.0,1.0,0.054698671900425835,instance,informative
0,0.8071428571428572,1.0,0.4727272727272728,0.6785714285714286,0.64178073638312,0.6666666666666666,0.5230976985632949,1.0,1.0,-0.3850642446675934,instance,informative
1,0.20788530465949817,0.0,0.25,0.17857142857142858,0.43605959529226723,0.0,0.4732214349573327,0.9984423676012462,1.0,0.447345820140641,instance,informative
1,0.25384615384615383,0.6,0.2436781609195402,0.42857142857142855,0.2905783654041525,1.0,0.5056956202084298,1.0,1.0,0.4837904282584726,instance,informative
0,0.5809352517985611,0.6,0.7563218390804598,0.39285714285714285,0.8112142227372486,0.0,0.49512433524815447,0.9994407158836689,1.0,-0.5680104182355263,instance,informative
1,0.1690647482014389,0.2,0.326797385620915,0.5714285714285714,0.21108492396109896,0.0,0.4885061897119318,0.9990654205607477,1.0,1.4171623270323161,instance,informative
0,0.7649834827748938,1.0,0.8127272727272727,0.5357142857142857,0.8376123827987269,1.0,0.5191948121874057,1.0,1.0,-1.4086903269158524,instance,informative
0,0.7466666666666667,0.6,0.7670250896057348,0.6071428571428571,0.8322797892334581,0.5,0.46932197425517497,0.9994407158836689,1.0,-1.268020308166416,instance,informative
1,0.24425287356321834,0.4,0.2436781609195402,0.5357142857142857,0.15519700568176364,1.0,0.5086428404400872,1.0,1.0,1.1829119277745228,instance,informative
1,0.23897058823529416,0.2,0.4236453201970444,0.7142857142857143,0.1899157314645049,0.14285714285714285,0.4968105244339498,0.9996884735202493,1.0,0.5174577438661857,instance,informative
1,0.1671732522796353,0.0,0.2329749103942652,0.2857142857142857,0.22351625402331343,0.0,0.47973611493317414,0.9975077881619938,1.0,1.1642160712630552,instance,informative
1,0.04477611940298509,0.0,0.2670454545454546,0.42857142857142855,0.20707485866968783,0.0,0.48728460713875255,0.9981308411214953,1.0,1.1241239942678072,instance,informative
1,0.18888888888888888,0.2,0.18727272727272726,0.7142857142857143,0.22795863768302,0.14285714285714285,0.5013873516560625,1.0,1.0,1.0033519623090346,instance,informative
0,0.6794871794871795,0.8,0.673202614379085,0.5,0.7232286767921449,0.6,0.5085013948588396,1.0,1.0,-0.8777332832361315,instance,informative
1,0.47267759562841527,0.2,0.2436781609195402,0.8928571428571429,0.35941055971226665,0.5,0.48994918407074617,0.9993769470404984,1.0,1.1186301374522725,instance,informative
1,0.12698412698412698,0.2,0.18727272727272726,0.75,0.15783821963679917,0.0,0.44101221427414394,0.9993769470404984,1.0,0.6178630026815835,instance,informative
1,0.050000000000000044,0.0,0.18727272727272726,0.6071428571428571,0.27197098052132035,0.0,0.4641580620297797,0.9956386292834891,1.0,0.5981753719660456,instance,informative
1,0.04477611940298509,0.6,0.2670454545454546,0.6071428571428571,0.41010298145369506,0.0,0.4799188216271909,0.9996884735202493,1.0,0.7166844640948332,instance,informative
1,0.14588377723970947,0.0,0.2436781609195402,0.8928571428571429,0.21699584162813407,0.07142857142857142,0.45235413253748213,0.9965732087227415,1.0,0.8421534099935266,instance,informative
1,0.21906474820143884,0.2,0.48888888888888893,0.6785714285714286,0.13827979821494207,0.0,0.46774483086710716,0.9987538940809969,1.0,0.545458185722098,instance,informative
1,0.025862068965517238,0.0,0.2436781609195402,0.39285714285714285,0.18569659496234125,0.0,0.4552031944809444,0.997196261682243,1.0,0.6313389611299078,instance,informative
0,0.7598116169544741,0.8,0.673202614379085,0.5,0.7167131579055498,1.0,0.5313167254707803,1.0,1.0,-1.0522227320028337,instance,informative
1,0.05769230769230771,0.0,0.2329749103942652,0.35714285714285715,0.1274179519241409,0.0,0.4715397017893027,0.9968847352024922,0.975,1.440807866567672,instance,informative
1,0.07480314960629919,0.0,0.18727272727272726,0.7142857142857143,0.24047398835719846,0.0,0.44045027349224297,0.9959501557632399,1.0,0.7470513142931066,instance,informative
1,0.13183060109289624,0.0,0.4236453201970444,0.5714285714285714,0.3148365963935621,0.0,0.46099610050062767,0.9984423676012462,1.0,0.16485492700133458,instance,informative
1,0.28205128205128205,0.6,0.18727272727272726,0.75,0.24223874156276853,1.0,0.5079498185490591,1.0,1.0,1.08590127308028,instance,informative
1,0.14615384615384608,0.0,0.2670454545454546,0.7142857142857143,0.6146021542097485,0.0,0.462072651938054,0.997196261682243,1.0,0.6607148745968477,instance,informative
1,0.07480314960629919,0.4,0.18727272727272726,0.8214285714285714,0.3095262551675214,0.0,0.483450204354411,0.9996884735202493,1.0,0.07838221596963445,instance,informative
1,0.13227848101265827,0.2,0.18727272727272726,0.75,0.20991818892153274,1.0,0.5243869227245728,1.0,1.0,1.1903289289244174,instance,informative
0,0.7553680981595092,0.6,0.7670250896057348,0.39285714285714285,0.7341127412338384,0.0,0.4992148161885983,0.9994407158836689,1.0,-0.6581800538728886,instance,informative
1,0.13095238095238093,0.0,0.18974358974358974,0.6785714285714286,0.50181542089498,0.0,0.4827553036967628,0.9965732087227415,1.0,0.09735704614721867,instance,informative
1,0.16880341880341887,0.4,0.2436781609195402,0.8928571428571429,0.44254113555986707,0.0,0.49707772809820283,0.9993769470404984,1.0,0.36755363085806364,instance,informative
1,0.2862985685071575,0.4,0.6852791878172588,0.32142857142857145,0.5055699479824186,0.0,0.4942367463540408,0.9996884735202493,1.0,0.8542820517428423,instance,informative
1,0.3205128205128205,0.0,0.36363636363636365,0.42857142857142855,0.4632308787379157,0.0,0.4611801808408551,0.9984423676012462,1.0,0.31091269558653967,instance,informative
1,0.045454545454545414,0.2,0.4236453201970444,0.4642857142857143,0.17353681247530595,0.0,0.4503298459291343,0.9996884735202493,1.0,0.7799424900869368,instance,informative
1,0.21326530612244898,0.2,0.326797385620915,0.5,0.41204259255399955,0.0,0.49328272668367024,0.9996884735202493,1.0,0.2864322139705694,instance,informative
1,0.07407407407407407,0.2,0.2329749103942652,0.2857142857142857,0.17067308483264448,0.0,0.49355400648865455,0.9996884735202493,1.0,0.9304094440995611,instance,informative
0,0.8681693989071038,1.0,0.6363636363636364,0.42857142857142855,0.6270444249902474,1.0,0.5626020742834337,1.0,1.0,-0.8281151196163177,instance,informative
0,0.8076923076923077,0.8,0.673202614379085,0.5357142857142857,0.7475749700110733,1.0,0.5123374459399019,1.0,1.0,-1.2899557394949568,instance,informative
1,0.07777777777777772,0.6,0.326797385620915,0.5357142857142857,0.15226264813629609,0.0,0.4869899158808647,0.9993769470404984,0.975,1.311305100238268,instance,informative
1,0.3242857142857143,0.4,0.2670454545454546,0.7857142857142857,0.517681028746913,1.0,0.5067712585352452,1.0,1.0,0.328041386062589,instance,informative
0,0.7601626016260163,1.0,0.7670250896057348,0.42857142857142855,0.8095337227216348,1.0,0.5841721639174471,1.0,1.0,-0.9263459420047915,instance,informative
1,0.21904761904761905,0.4,0.18727272727272726,0.7142857142857143,0.26312959121148827,0.0,0.4946493252046482,0.9993769470404984,1.0,0.6588088450130003,instance,informative
0,0.65,0.8,0.6363636363636364,0.4642857142857143,0.6618850862267316,0.75,0.5118075094214993,1.0,1.0,-0.435917808002922,instance,informative
0,0.7759259259259259,1.0,0.7563218390804598,0.7142857142857143,0.7104336709069999,1.0,0.5508576373024672,1.0,1.0,-0.7549374783948977,instance,informative
1,0.24018838304552592,0.2,0.2670454545454546,0.75,0.49670952502178867,0.0,0.470078682242946,0.9990654205607477,1.0,0.4179996347596442,instance,informative
1,0.07051282051282048,0.2,0.36363636363636365,0.42857142857142855,0.5870964412444895,0.0,0.47995948109515363,0.9987538940809969,1.0,0.433612282486541,instance,informative
1,0.25683060109289624,0.0,0.18727272727272726,0.75,0.17221311842697162,0.0,0.4561482424291533,0.9947040498442368,1.0,0.9481193373444357,instance,informative
1,0.2350165172251062,0.6,0.2436781609195402,0.8928571428571429,0.42578078946018694,0.5,0.5039522046207281,1.0,1.0,0.22544860951322923,instance,informative
1,0.3205128205128205,0.2,0.2436781609195402,0.8928571428571429,0.4935086191574718,0.0,0.4323721213889319,0.9987538940809969,1.0,0.5077778501600145,instance,informative
1,0.24285714285714288,0.0,0.2329749103942652,0.4642857142857143,0.45167279638947944,0.0,0.4798237909420183,0.9981308411214953,1.0,0.06957875621052763,instance,informative
1,0.13657407407407407,0.0,0.25,0.17857142857142858,0.5965258380207696,0.0,0.4668484726132295,0.9984423676012462,1.0,0.69305235940377,instance,informative
0,0.736734693877551,1.0,0.7563218390804598,0.35714285714285715,0.47732416914453013,1.0,0.5385221797418265,1.0,1.0,-0.30723275651423326,instance,informative
1,0.26241134751773054,0.2,0.18974358974358974,0.6785714285714286,0.2131150951970615,0.25,0.4896575081337363,0.9993769470404984,1.0,0.6955127403415731,instance,informative
1,0.19615384615384612,0.2,0.326797385620915,0.5,0.1664238018116161,0.0,0.46558656770297246,0.9987538940809969,0.975,0.8254568249048797,instance,informative
1,0.1964285714285714,0.2,0.2436781609195402,0.8928571428571429,0.3255510344326664,0.0,0.4810762391461293,0.9987538940809969,1.0,0.9879880275688575,instance,informative
1,0.19307832422586513,0.0,0.39682539682539686,0.39285714285714285,0.180741488054463,0.0,0.47646278132378517,0.997196261682243,1.0,1.536002852060442,instance,informative
1,0.255,0.2,0.18727272727272726,0.7142857142857143,0.3182749721996294,0.0,0.4687540779009908,0.9987538940809969,1.0,0.6716335031315079,instance,informative
1,0.15844155844155838,0.2,0.2670454545454546,0.6071428571428571,0.24323421303862008,0.0,0.47533397509630493,0.9993769470404984,1.0,0.970048750484892,instance,informative
1,0.0714285714285714,0.2,0.16666666666666663,0.4642857142857143,0.3820781692252925,0.0,0.48024997757402055,0.9987538940809969,1.0,0.7447706330563033,instance,informative
1,0.26436781609195403,0.4,0.18727272727272726,0.6428571428571429,0.24815967331826505,1.0,0.5124098390466247,1.0,1.0,0.3173100630178273,instance,informative
1,0.17349726775956276,0.2,0.2670454545454546,0.75,0.23719503116729024,0.0,0.4935544131566659,0.9996884735202493,1.0,1.0507811313385822,instance,informative
0,0.8184019370460048,1.0,0.8102564102564103,0.5357142857142857,0.8533401536698972,1.0,0.5278161624845986,1.0,1.0,-0.6043546092054215,instance,informative
1,0.41326530612244894,0.4,0.4236453201970444,0.7142857142857143,0.3470594044314085,0.3333333333333333,0.517900129237883,1.0,1.0,0.47764999727671886,instance,informative
1,0.2629310344827587,0.2,0.2670454545454546,0.6428571428571429,0.4679007173157833,0.5,0.5082012029319611,1.0,1.0,0.5004019037160735,instance,informative
1,0.27334337349397586,0.0,0.5272727272727273,0.6071428571428571,0.1608777257702227,0.0,0.45374462231288337,0.9981308411214953,1.0,0.6485868571843494,instance,informative
1,0.5962643678160919,0.2,0.2436781609195402,0.5714285714285714,0.26009755466348083,0.0,0.4846503421064243,0.9987538940809969,1.0,0.47554415165717817,instance,informative
1,0.3322784810126582,0.2,0.2436781609195402,0.6428571428571429,0.18726849457925204,0.5,0.5398775893036009,1.0,1.0,1.2149045075921379,instance,informative
1,0.17480314960629917,0.0,0.2436781609195402,0.8928571428571429,0.29473418852552846,0.0,0.46011875483901477,0.9978193146417446,1.0,0.8967963029350005,instance,informative
1,0.33744221879815095,0.0,0.2329749103942652,0.32142857142857145,0.19086667762664167,0.0,0.46734458438165505,0.9978193146417446,1.0,1.520735916992285,instance,informative
1,0.40217391304347827,0.0,0.2329749103942652,0.35714285714285715,0.1687126975821876,0.0,0.46494688085708247,0.9981308411214953,1.0,0.5310434516470672,instance,informative
1,0.5129310344827587,0.2,0.5272727272727273,0.5,0.48729195309633366,0.0,0.4754622814714885,0.9990654205607477,1.0,0.6606750969729603,instance,informative
1,0.29166666666666674,0.0,0.7719298245614035,0.6428571428571429,0.5843115016648657,0.0,0.4671434894179807,0.9984423676012462,1.0,0.4375655607548938,instance,informative
1,0.11956521739130432,0.2,0.36363636363636365,0.4642857142857143,0.26669982019005245,0.0,0.4724768037842243,0.9990654205607477,1.0,0.5341408727224342,instance,informative
1,0.2629310344827587,0.0,0.18727272727272726,0.6071428571428571,0.2832660675679938,0.0,0.4536410601264321,0.9968847352024922,1.0,0.2650107416608719,instance,informative
1,0.2047619047619048,0.4,0.16666666666666663,0.7857142857142857,0.1542444172950052,0.0,0.43837659908709703,0.9990654205607477,1.0,1.0097009490871511,instance,informative
1,0.14922813036020588,0.4,0.2670454545454546,0.6071428571428571,0.39750510698670116,0.2857142857142857,0.4843536213567893,0.9996884735202493,1.0,0.6944413587683941,instance,informative
1,0.15932914046121593,0.0,0.36363636363636365,0.5,0.2983739657629121,0.0,0.46003744114456635,0.9981308411214953,1.0,0.7283780959268233,instance,informative
1,0.15333333333333332,0.2,0.36363636363636365,0.32142857142857145,0.28745382084707327,1.0,0.503130332131013,1.0,1.0,0.41882016717178444,instance,informative
1,0.11016949152542366,0.2,0.2329749103942652,0.35714285714285715,0.21423596462530786,0.0,0.4943393826728235,0.9996884735202493,1.0,0.5455432074395424,instance,informative
1,0.34558823529411764,0.0,0.36363636363636365,0.39285714285714285,0.3167085415296119,0.0,0.454603357713823,0.9959501557632399,1.0,0.8767367569316998,instance,informative
0,0.6309352517985611,1.0,0.22807017543859653,0.6071428571428571,0.8116513636272609,1.0,0.5255184310122427,1.0,1.0,-1.0764712191080692,instance,informative
1,0.124074074074074,0.2,0.16666666666666663,0.7857142857142857,0.4196780189712901,0.0,0.45324558129473624,0.9987538940809969,1.0,0.1600037629398509,instance,informative
0,0.8452380952380952,0.6,0.5111111111111111,0.5,0.8591958583194286,1.0,0.5212123946447065,1.0,1.0,-0.6667576944198974,instance,informative
1,0.16842105263157903,0.2,0.16666666666666663,0.7857142857142857,0.25257445458558153,0.0,0.48449828077749624,0.9993769470404984,1.0,1.1857058215730554,instance,informative
1,0.1685531496062992,0.2,0.2329749103942652,0.6785714285714286,0.16252375088805993,0.0,0.48932302948813733,0.9987538940809969,1.0,1.090413851205397,instance,informative
0,0.4309352517985612,0.6,0.7329545454545454,0.6071428571428571,0.8416353426891426,0.0,0.49611591963047985,0.9994407158836689,1.0,-0.8110978547089925,instance,informative
1,0.15476190476190477,0.0,0.18727272727272726,0.5714285714285714,0.22978107945480397,0.0,0.4683575308676857,0.997196261682243,1.0,1.09834851229934,instance,informative
1,0.07317073170731714,0.2,0.2670454545454546,0.7857142857142857,0.5575326008976568,0.5,0.4790050394904254,0.9996884735202493,1.0,1.1856868294953926,instance,informative
1,0.20377358490566033,0.0,0.7719298245614035,0.5714285714285714,0.23269637393354164,0.0,0.4377304923972931,0.9962616822429906,1.0,1.3933737860179791,instance,informative
1,0.07352941176470584,0.4,0.2329749103942652,0.2857142857142857,0.17217440572860354,0.0,0.490265124093724,0.9990654205607477,1.0,0.44762681966331846,instance,informative
1,0.11956521739130432,0.2,0.2329749103942652,0.5,0.15946469350339687,0.0,0.48008714954206,0.9987538940809969,1.0,1.2772576590906342,instance,informative
1,0.10236220472440949,0.2,0.6852791878172588,0.39285714285714285,0.30188553260923534,0.0,0.48672326721839343,0.9987538940809969,1.0,0.0779812934708413,instance,informative
1,0.36906474820143886,0.2,0.18727272727272726,0.7142857142857143,0.21042641439772236,0.0,0.49149439639019943,0.9996884735202493,1.0,0.29342679085257783,instance,informative
1,0.059523809523809534,0.2,0.326797385620915,0.5714285714285714,0.2401581917945777,0.5,0.48007670208884556,0.9996884735202493,1.0,1.14735928497208,instance,informative
1,0.19878787878787874,0.0,0.2670454545454546,0.7857142857142857,0.21396555669329587,0.0,0.47535854617780526,0.9984423676012462,1.0,0.46363740997906255,instance,informative
0,0.0,1.0,0.75,0.17857142857142858,0.3691189659782633,1.0,0.5204418593951871,1.0,0.975,-0.17320486813769634,instance,informative
1,0.2416666666666667,0.0,0.7719298245614035,0.5714285714285714,0.21534918437773276,0.0,0.4374101822554254,0.9978193146417446,1.0,0.7627552418427826,instance,informative
0,0.8311965811965811,1.0,0.4285714285714286,0.42857142857142855,0.8043815058110002,1.0,0.5542658053174565,1.0,1.0,-1.3703370122373846,instance,informative
1,0.3277777777777777,0.6,0.4236453201970444,0.4642857142857143,0.20393765937022168,0.3333333333333333,0.5045502548328759,1.0,1.0,0.7460520045307532,instance,informative
1,0.11321721311475408,0.4,0.2670454545454546,0.5357142857142857,0.5437698043948075,0.0,0.4765533252639792,0.9996884735202493,1.0,0.10790360299432675,instance,informative
1,0.13227848101265827,0.0,0.2436781609195402,0.42857142857142855,0.2716429140201474,0.0,0.4781541958787331,0.9975077881619938,1.0,0.9875861636958783,instance,informative
1,0.2248031496062992,0.2,0.18727272727272726,0.75,0.33220700610881454,0.0,0.4685393988358606,0.9993769470404984,1.0,0.2116287329258623,instance,informative
1,0.10236220472440949,0.0,0.2436781609195402,0.8928571428571429,0.49274582686603974,0.0,0.421203657867533,0.9959501557632399,1.0,0.3575610357386147,instance,informative
1,0.07971014492753625,0.0,0.2329749103942652,0.5357142857142857,0.15317801238331485,0.0,0.4500878782261709,0.9978193146417446,1.0,1.0534150639597881,instance,informative
1,0.03749999999999998,0.2,0.2436781609195402,0.5714285714285714,0.35980401243985927,0.0,0.47823176511619225,0.9987538940809969,0.975,0.5706874541991017,instance,informative
0,0.8920454545454546,1.0,0.5111111111111111,0.42857142857142855,0.7987875083222922,1.0,0.5292324331063092,1.0,0.975,-0.9467206528687802,instance,informative
1,0.08333333333333326,0.4,0.2436781609195402,0.6428571428571429,0.2683049335029195,0.0,0.4605757973180852,0.9993769470404984,1.0,0.8166112520213658,instance,informative
1,0.1964285714285714,0.0,0.18727272727272726,0.6071428571428571,0.21190893899505536,0.0,0.4562684315677251,0.9968847352024922,1.0,0.5130930458430196,instance,informative
1,0.0,0.4,0.2436781609195402,0.42857142857142855,0.2321157313188551,1.0,0.5202275107863876,1.0,0.975,1.1292720743328457,instance,informative
1,0.19333333333333336,0.0,0.6896551724137931,0.42857142857142855,0.2881863568751576,0.0,0.47884425300681255,0.9978193146417446,1.0,0.37621306216975964,instance,informative
1,0.5,0.4,0.18727272727272726,0.7142857142857143,0.12550563894773253,0.6666666666666666,0.5163233449187974,1.0,1.0,0.8469095229042767,instance,informative
1,0.1923076923076923,0.2,0.326797385620915,0.5714285714285714,0.2952314038253495,0.2,0.44587796562342197,0.9993769470404984,1.0,0.8775020995547774,instance,informative
1,0.2350165172251062,0.6,0.2436781609195402,0.8928571428571429,0.27820028802504115,1.0,0.5056094504768291,1.0,1.0,0.4072043269792697,instance,informative
0,0.6444270015698588,0.8,0.8333333333333334,0.7857142857142857,0.7517365829463585,0.6666666666666666,0.5043515116291952,1.0,1.0,-0.8965758129452709,instance,informative
0,0.44666666666666666,0.8,0.31472081218274117,0.35714285714285715,0.5839748248605735,1.0,0.502243460818059,1.0,1.0,0.0690519608495651,instance,informative
1,0.17462422634836428,0.2,0.18727272727272726,0.6071428571428571,0.26812094614139104,0.0,0.48912411820491,0.9990654205607477,0.975,1.1582786272984313,instance,informative
1,0.26248904469763357,0.2,0.36363636363636365,0.35714285714285715,0.3186052487629062,0.0,0.49149276652386853,0.9990654205607477,1.0,-0.049262123676091736,instance,informative
1,0.24942102825382118,0.2,0.4236453201970444,0.7142857142857143,0.23277795706876725,0.3333333333333333,0.5350790528457835,1.0,1.0,0.8266377239211921,instance,informative
1,0.0,0.0,0.2436781609195402,0.5357142857142857,0.5100870897653013,0.0,0.4576266799076453,0.9950155763239875,0.975,0.3562658424642658,instance,informative
1,0.07499999999999996,0.0,0.18974358974358974,0.6785714285714286,0.2247875745138802,0.0,0.4207869965883585,0.9956386292834891,1.0,1.2032758512307773,instance,informative
0,0.8314468503937008,0.8,0.8102564102564103,0.5,0.7879463202641007,0.8333333333333334,0.5399763568654332,1.0,1.0,-0.8404024777566201,instance,informative
0,0.8304473304473304,1.0,0.8127272727272727,0.75,0.7814276909519051,1.0,0.5425405603917732,1.0,1.0,-1.1025820750797848,instance,informative
1,0.1923076923076923,0.0,0.2436781609195402,0.6428571428571429,0.15594820627898587,0.0,0.41611484093373075,0.9959501557632399,1.0,0.8775679858478096,instance,informative
1,0.3699494949494949,0.0,0.18974358974358974,0.6785714285714286,0.2538725417523061,0.0,0.4732071097209537,0.9965732087227415,1.0,0.6420839964898116,instance,informative
1,0.15476190476190477,0.2,0.2329749103942652,0.6785714285714286,0.4611299916233329,0.0,0.48329887624881185,0.9987538940809969,1.0,0.2640270435285731,instance,informative
1,0.14177489177489178,0.2,0.2329749103942652,0.2857142857142857,0.1927862197016278,0.0,0.4580885723854152,0.9990654205607477,1.0,0.9572805649973641,instance,informative
1,0.1298701298701299,0.2,0.18974358974358974,0.6785714285714286,0.28089511289790015,0.0,0.473715743429567,0.9993769470404984,0.975,0.544475174375873,instance,informative
1,0.23984962406015042,0.0,0.18727272727272726,0.6428571428571429,0.29878072497450725,0.0,0.4719029994390249,0.9965732087227415,1.0,1.276197862350401,instance,informative
1,0.17500000000000004,0.2,0.18727272727272726,0.7142857142857143,0.30216663145100897,0.0,0.4886281755965567,0.9990654205607477,1.0,0.37818531479907247,instance,informative
1,0.24425287356321834,0.0,0.16666666666666663,0.7857142857142857,0.14118141465663392,0.0,0.4814785680924675,0.9984423676012462,1.0,1.0091187364916898,instance,informative
1,0.14901477832512322,0.0,0.2329749103942652,0.6785714285714286,0.15974921882203574,0.0,0.44964819945054757,0.9968847352024922,1.0,1.1390864846011861,instance,informative
1,0.07480314960629919,0.0,0.36363636363636365,0.5,0.3177618378148197,0.0,0.45399452633708026,0.9950155763239875,1.0,0.7078624359952422,instance,informative
1,0.07051282051282048,0.2,0.2436781609195402,0.8928571428571429,0.17615364997149235,0.0,0.4786186009921912,0.9990654205607477,1.0,0.8754018701701243,instance,informative
1,0.14102564102564097,0.2,0.5714285714285714,0.42857142857142855,0.20058200326998854,0.5,0.4960337510320222,0.9996884735202493,1.0,1.04071964040341,instance,informative
1,0.2690288713910761,0.4,0.2436781609195402,0.8928571428571429,0.4822954896761473,0.5,0.503239788190348,1.0,1.0,0.5192134012464523,instance,informative
1,0.125,0.2,0.36363636363636365,0.32142857142857145,0.15048891033867934,0.0,0.4516131560061527,0.9990654205607477,0.975,1.384169882176935,instance,informative
1,0.15333333333333332,0.2,0.2329749103942652,0.35714285714285715,0.229907840960138,1.0,0.5361586685390896,1.0,1.0,0.6274247861317042,instance,informative
1,0.07480314960629919,0.0,0.39682539682539686,0.39285714285714285,0.28389367960465706,0.0,0.4553929046006632,0.9956386292834891,1.0,0.6454698104741938,instance,informative
0,0.6757142857142857,0.8,0.8127272727272727,0.6428571428571429,0.7800673339378088,0.5,0.4958067525343808,0.9994407158836689,1.0,-0.6572829703209955,instance,informative
1,0.1333333333333333,0.0,0.36363636363636365,0.32142857142857145,0.30378585884967324,0.0,0.474142200448016,0.997196261682243,1.0,0.6350150572213701,instance,informative
1,0.125,0.0,0.2329749103942652,0.5357142857142857,0.16846927847345405,0.0,0.45217821969781713,0.9984423676012462,1.0,1.2373617305096336,instance,informative
1,0.09770114942528729,0.0,0.18666666666666665,0.5,0.12421072861129812,0.0,0.470546121889443,0.9959501557632399,0.975,1.6623758732031493,instance,informative
1,0.07051282051282048,0.0,0.18727272727272726,0.7142857142857143,0.20328950662104994,0.0,0.4474488068473388,0.9953271028037384,1.0,0.7326954749407458,instance,informative
1,0.18888888888888888,0.4,0.6852791878172588,0.39285714285714285,0.3107785481618929,0.0,0.4944807003845688,0.9996884735202493,1.0,0.40518754445840943,instance,informative
1,0.3696319018404908,0.4,0.2670454545454546,0.7857142857142857,0.43040106951287604,0.3333333333333333,0.48102653858614286,0.9996884735202493,1.0,1.094421980843427,instance,informative
1,0.11963190184049077,0.4,0.36363636363636365,0.32142857142857145,0.24815977966887148,0.0,0.49373299371722956,0.9996884735202493,1.0,0.6232752912597478,instance,informative
0,0.0,1.0,0.7563218390804598,0.35714285714285715,0.6131461696290623,1.0,0.5327007793229758,1.0,1.0,-0.5666004920991259,instance,informative
0,0.735632183908046,0.6,0.5111111111111111,0.5714285714285714,0.7525292740132082,0.7692307692307693,0.5258960730792919,1.0,1.0,-0.7442532214869557,instance,informative
1,0.07971014492753625,0.2,0.16666666666666663,0.7857142857142857,0.23493282247120212,0.0,0.4836564602074813,0.9987538940809969,1.0,0.4419237037493382,instance,informative
1,0.21904761904761905,0.2,0.18727272727272726,0.6428571428571429,0.23384145150224728,0.0,0.49145675220918894,0.9987538940809969,1.0,1.402417870538172,instance,informative
1,0.11538461538461542,0.2,0.326797385620915,0.5714285714285714,0.1359852093602424,0.0,0.4899346488533721,0.9993769470404984,1.0,1.229261987809601,instance,informative
1,0.14016393442622954,0.2,0.2329749103942652,0.6785714285714286,0.18984029260457996,0.0,0.49562357929128453,0.9993769470404984,1.0,0.604019115734916,instance,informative
1,0.09340659340659341,0.6,0.2436781609195402,0.8928571428571429,0.22478671893799074,0.25,0.5223776914662566,1.0,1.0,0.69606842706762,instance,informative
1,0.4279279279279279,0.2,0.48888888888888893,0.5714285714285714,0.2517371693650462,0.6666666666666666,0.48440957488179814,0.9987538940809969,1.0,1.2325109153527707,instance,informative
1,0.0,0.2,0.16666666666666663,0.7857142857142857,0.5131246878973329,0.0,0.4738789323708966,0.9996884735202493,0.975,0.4379930783400932,instance,informative
1,0.2862985685071575,0.2,0.2670454545454546,0.42857142857142855,0.5443385126434173,0.25,0.500580012704763,1.0,1.0,0.16258836158407017,instance,informative
1,0.14551282051282055,0.0,0.2436781609195402,0.5357142857142857,0.3518819959269587,0.0,0.48372538664692,0.9978193146417446,1.0,0.17744409244866322,instance,informative
1,0.14102564102564097,0.0,0.18727272727272726,0.6071428571428571,0.2358632192680844,0.0,0.4558409379435915,0.9984423676012462,1.0,0.8182538003994003,instance,informative
1,0.10999999999999999,0.0,0.2436781609195402,0.5,0.2150624391223276,0.0,0.44972350572846853,0.9965732087227415,1.0,0.6785375548425118,instance,informative
1,0.025862068965517238,0.4,0.2329749103942652,0.35714285714285715,0.17790922271473752,0.5,0.48780536364881477,0.9996884735202493,1.0,0.4785606709758513,instance,informative
1,0.2350165172251062,0.0,0.2436781609195402,0.39285714285714285,0.21416576579885316,0.0,0.45746843115961244,0.9953271028037384,1.0,0.907097919509797,instance,informative
0,0.7137014314928425,0.6,0.7563218390804598,0.7857142857142857,0.561946638097517,1.0,0.5225366993616123,1.0,1.0,-0.8934630223468679,instance,informative
1,0.19655497876356764,0.4,0.39682539682539686,0.39285714285714285,0.45517401419206405,1.0,0.5088965283034697,1.0,0.975,0.9203219097220141,instance,informative
1,0.35377358490566035,0.2,0.2670454545454546,0.4642857142857143,0.22643607315367892,1.0,0.5184363458520422,1.0,1.0,0.7436580417728763,instance,informative
1,0.07971014492753625,0.0,0.08333333333333337,0.10714285714285714,0.30108842616233467,0.0,0.4788033946346617,0.9978193146417446,1.0,0.7829320550604708,instance,informative
1,0.24019607843137258,0.2,0.2670454545454546,0.75,0.20179393822324077,0.0,0.4655306483037418,0.9990654205607477,1.0,1.1398085087081422,instance,informative
1,0.10999999999999999,0.4,0.18727272727272726,0.7142857142857143,0.1901334282698584,0.0,0.48823701127317454,0.9990654205607477,1.0,0.4524919749037869,instance,informative
1,0.3245844269466316,0.0,0.2329749103942652,0.32142857142857145,0.13523995840205583,0.0,0.46982218688378896,0.9975077881619938,1.0,1.1573319430844806,instance,informative
1,0.08333333333333326,0.2,0.2329749103942652,0.5,0.13532362212488858,1.0,0.5070709970546814,1.0,1.0,0.817197169812458,instance,informative
1,0.14588377723970947,0.0,0.2329749103942652,0.6071428571428571,0.1955069848179214,0.0,0.4257367224091785,0.9937694704049844,1.0,1.0807753422609054,instance,informative
1,0.13183060109289624,0.4,0.2436781609195402,0.5714285714285714,0.3500942215913292,0.0,0.49734683119440093,0.9990654205607477,1.0,0.4514648109619714,instance,informative
1,0.141941391941392,0.2,0.16666666666666663,0.7857142857142857,0.2288695411296745,0.0,0.48810468678571317,0.9996884735202493,1.0,0.7830507685076739,instance,informative
1,0.2116161616161616,0.0,0.18727272727272726,0.7142857142857143,0.32847365478642954,0.0,0.48014096874596257,0.997196261682243,1.0,0.2804216585515488,instance,informative
1,0.10892857142857149,0.2,0.18974358974358974,0.6785714285714286,0.5152509646090365,0.0,0.46445566005229366,0.9990654205607477,1.0,0.7322862661533637,instance,informative
1,0.30236220472440944,0.4,0.6852791878172588,0.39285714285714285,0.4752499614517355,1.0,0.5144721835763314,1.0,1.0,0.48871241335387616,instance,informative
0,0.8251968503937008,1.0,0.6363636363636364,0.35714285714285715,0.768989957013013,1.0,0.5221335404347518,1.0,1.0,-0.7786701594145641,instance,informative
1,0.24018838304552592,0.0,0.2436781609195402,0.39285714285714285,0.588492943929599,0.0,0.4772371753886324,0.9975077881619938,1.0,0.2865962318507837,instance,informative
0,0.7333333333333334,0.8,0.7329545454545454,0.39285714285714285,0.3809475976683504,1.0,0.5112725251888024,1.0,1.0,-0.2283096846529618,instance,informative
0,0.44999999999999996,1.0,0.7563218390804598,0.5714285714285714,0.8749802196020923,1.0,0.5416645246616631,1.0,1.0,-0.6076541534281705,instance,informative
1,0.25,0.2,0.16666666666666663,0.7857142857142857,0.2750354984324942,0.0,0.4908654186684077,0.9996884735202493,1.0,0.7222822554065099,instance,informative
1,0.23934426229508188,0.2,0.2670454545454546,0.7857142857142857,0.2918130181173254,0.0,0.45040183237287534,0.9987538940809969,1.0,0.06501755061581516,instance,informative
1,0.09883720930232553,0.2,0.2329749103942652,0.2857142857142857,0.12738577845640242,1.0,0.5124523701820533,1.0,1.0,1.0165570374512325,instance,informative
0,0.8314468503937008,0.8,0.8127272727272727,0.5,0.8265773202748252,1.0,0.5058394330152067,1.0,1.0,-1.2109520191519525,instance,informative
0,0.7553680981595092,0.8,0.7563218390804598,0.5,0.4930116281789173,1.0,0.5462996221568577,1.0,1.0,-0.47697560183598336,instance,informative
0,0.8597222222222223,0.8,0.7329545454545454,0.5357142857142857,0.6734949217162612,0.0,0.4995060053497814,0.9994407158836689,1.0,-0.12089463455291272,instance,informative
0,0.4309352517985612,0.8,0.8127272727272727,0.6071428571428571,0.7387512660888037,0.3333333333333333,0.49001977546291586,0.9994407158836689,1.0,-0.8514490630287425,instance,informative
1,0.15932914046121593,0.0,0.2670454545454546,0.6071428571428571,0.23753390832366,0.0,0.461660333853095,0.9981308411214953,1.0,1.6472955688363762,instance,informative
1,0.22111111111111104,0.0,0.2329749103942652,0.35714285714285715,0.31073476721286364,0.0,0.44876924702666565,0.997196261682243,1.0,0.8187736267028568,instance,informative
1,0.07777777777777772,0.0,0.18727272727272726,0.8214285714285714,0.16705105543523746,0.0,0.4566552349173987,0.9906542056074766,1.0,0.9791373679169705,instance,informative
0,0.8,1.0,0.21590909090909094,0.32142857142857145,0.43318078411582295,1.0,0.5435515259004623,1.0,1.0,-0.19447333863264576,instance,informative
1,0.050000000000000044,0.0,0.18727272727272726,0.7142857142857143,0.1663521928007604,0.0,0.47641764902379236,0.9981308411214953,1.0,1.1468275384150624,instance,informative
1,0.07051282051282048,0.2,0.16666666666666663,0.7857142857142857,0.3696521610971425,0.0,0.49194986448572064,0.9987538940809969,1.0,0.8251854237961919,instance,informative
1,0.17462422634836428,0.2,0.18727272727272726,0.7142857142857143,0.22976023811385982,0.0,0.48996053666251915,0.9996884735202493,1.0,0.6988247181372087,instance,informative
1,0.19878787878787874,0.0,0.2436781609195402,0.6428571428571429,0.24541260044889812,0.0,0.4795784231852229,0.9981308411214953,1.0,0.7245432229597943,instance,informative
1,0.17480314960629917,0.4,0.2436781609195402,0.8928571428571429,0.37382957896677993,0.5,0.5033258180632534,1.0,1.0,1.1142689438678144,instance,informative
1,0.06432360742705567,0.6,0.2436781609195402,0.39285714285714285,0.3981850997071761,1.0,0.5057519806452409,1.0,1.0,0.5810091040514352,instance,informative
1,0.18591426071741024,0.0,0.2436781609195402,0.8928571428571429,0.30683867457294156,0.0,0.44069141129511247,0.9912772585669782,1.0,0.9613340698272036,instance,informative
1,0.07352941176470584,0.0,0.2329749103942652,0.2857142857142857,0.15005301104106994,0.0,0.47837358191534096,0.9978193146417446,1.0,0.7256042688609765,instance,informative
1,0.13301282051282048,0.2,0.18727272727272726,0.7142857142857143,0.17531568104869422,0.0,0.4672493891550743,0.9987538940809969,1.0,0.6711999348154463,instance,informative
1,0.15384615384615385,0.0,0.2436781609195402,0.39285714285714285,0.2126795843722567,0.0,0.4616904716695518,0.9950155763239875,1.0,0.8318805452127207,instance,informative
1,0.21963190184049075,0.0,0.18727272727272726,0.6071428571428571,0.27618280113849614,0.0,0.4767641877936105,0.9984423676012462,1.0,0.820274896959518,instance,informative
0,0.6309352517985611,0.6,0.7563218390804598,0.5,0.6951556720718348,0.5,0.5355156804223032,1.0,1.0,-0.3948280996330052,instance,informative
1,0.16963190184049082,0.2,0.18974358974358974,0.6785714285714286,0.273325289461248,1.0,0.5182276628564695,1.0,1.0,0.2240810303606837,instance,informative
0,0.8910714285714285,1.0,0.22807017543859653,0.6071428571428571,0.4261135033654747,1.0,0.5105916508020774,1.0,1.0,-0.15629434841093853,instance,informative
1,0.16842105263157903,0.2,0.2329749103942652,0.6785714285714286,0.28132789289355875,0.0,0.49835330501318276,0.9993769470404984,1.0,0.30069083187508344,instance,informative
1,0.24463190184049077,0.0,0.4236453201970444,0.6428571428571429,0.2615386732882997,0.0,0.4593078235758661,0.9984423676012462,1.0,0.7943719555099739,instance,informative
1,0.3477011494252873,0.4,0.39682539682539686,0.4642857142857143,0.13654497834079005,1.0,0.5416837437210981,1.0,1.0,1.5068884283933677,instance,informative
1,0.17462422634836428,0.2,0.18727272727272726,0.7142857142857143,0.2051410880181347,0.0,0.4567540854875295,0.9990654205607477,1.0,0.8206066779638379,instance,informative
1,0.1529652351738241,0.0,0.2329749103942652,0.35714285714285715,0.3798868821496183,0.0,0.4366283448487148,0.9968847352024922,1.0,0.7908678273922022,instance,informative
1,0.0,0.2,0.2329749103942652,0.32142857142857145,0.559847079634573,0.0,0.4838179141051966,0.9990654205607477,1.0,0.4572479689726992,instance,informative
1,0.025862068965517238,0.2,0.2436781609195402,0.42857142857142855,0.2982185409557928,0.5,0.4603256276286527,0.9987538940809969,1.0,0.6411348387337678,instance,informative
1,0.17142857142857149,0.6,0.2329749103942652,0.5357142857142857,0.12355873169299958,1.0,0.5028564918160914,1.0,1.0,1.1175238600327475,instance,informative
1,0.1690647482014389,0.0,0.2329749103942652,0.2857142857142857,0.25649967147437613,0.0,0.4866244121889236,0.9984423676012462,1.0,0.8825109793288126,instance,informative
0,0.8538461538461538,1.0,0.7563218390804598,0.5357142857142857,0.5302801486330794,1.0,0.532234826256003,1.0,1.0,-0.6006711215275722,instance,informative
1,0.19615384615384612,0.2,0.326797385620915,0.5714285714285714,0.2267208802687205,0.0,0.46783638635085734,0.9990654205607477,1.0,0.958418395134822,instance,informative
0,0.62,0.4,0.7563218390804598,0.5714285714285714,0.6539193110508198,1.0,0.5035789991230957,1.0,1.0,-0.48812427623691157,instance,informative
1,0.14551282051282055,0.4,0.2329749103942652,0.35714285714285715,0.20381212348985916,0.0,0.4817814521513607,0.9993769470404984,1.0,1.0558481042779462,instance,informative
1,0.18196721311475406,0.2,0.16666666666666663,0.7857142857142857,0.3709101678119039,1.0,0.5015629877471146,1.0,1.0,0.5185620309411982,instance,informative
1,0.2582417582417582,0.0,0.18727272727272726,0.7142857142857143,0.1874742292826292,0.0,0.46896069349242697,0.9975077881619938,1.0,0.6926125841626689,instance,informative
1,0.1291208791208791,0.0,0.2436781609195402,0.8928571428571429,0.2331417493291662,0.0,0.4628249521928587,0.997196261682243,1.0,1.2629850297691432,instance,informative
1,0.20238095238095233,0.2,0.2329749103942652,0.2857142857142857,0.1767146273396878,1.0,0.5092741025826352,1.0,1.0,0.7254781624457004,instance,informative
1,0.09459459459459452,0.0,0.16666666666666663,0.7857142857142857,0.3707103575177638,0.0,0.48356060009747404,0.9984423676012462,1.0,1.0639450524208809,instance,informative
1,0.16842105263157903,0.2,0.2329749103942652,0.6785714285714286,0.4072422861631593,0.0,0.4917949867513295,0.9996884735202493,1.0,0.6169801084733505,instance,informative
1,0.09770114942528729,0.0,0.2670454545454546,0.5357142857142857,0.1886199773676066,0.0,0.473790129577746,0.9984423676012462,1.0,0.8214318925151692,instance,informative
1,0.1339285714285714,0.2,0.2329749103942652,0.32142857142857145,0.16921651592379117,0.0,0.4541511901188311,0.9990654205607477,1.0,1.1504630159446514,instance,informative
1,0.2629310344827587,0.0,0.18727272727272726,0.6071428571428571,0.340391497090054,0.0,0.46931675185740573,0.9981308411214953,1.0,0.6391456753120289,instance,informative
1,0.5858433734939759,0.2,0.2670454545454546,0.5714285714285714,0.18620241264394377,1.0,0.5089144551253724,1.0,1.0,1.104248652247794,instance,informative
1,0.045454545454545414,0.0,0.2670454545454546,0.75,0.33637811523032113,0.0,0.44121141217709814,0.9947040498442368,1.0,0.9748864613295222,instance,informative
1,0.025000000000000022,0.0,0.2436781609195402,0.8928571428571429,0.24944766320967604,0.0,0.47607350102398316,0.9968847352024922,1.0,0.9245383630213515,instance,informative
1,0.09999999999999998,0.0,0.36363636363636365,0.35714285714285715,0.4804014224680261,0.0,0.43641471671765186,0.9984423676012462,1.0,0.18571395001224247,instance,informative
1,0.24040920716112535,0.0,0.4236453201970444,0.7142857142857143,0.22431455475501388,0.23076923076923078,0.4353303302528426,0.9984423676012462,1.0,0.7380575515202606,instance,informative
1,0.050000000000000044,0.0,0.2436781609195402,0.8928571428571429,0.17651605031459194,0.0,0.45955107102370585,0.9981308411214953,1.0,0.7484633649774078,instance,informative
1,0.17379077615298089,0.2,0.2436781609195402,0.6428571428571429,0.2600788282175004,0.0,0.46597876709163166,0.9987538940809969,1.0,0.9086291769056427,instance,informative
1,0.25,0.0,0.2436781609195402,0.8928571428571429,0.2138290608826945,0.0,0.4859679546780441,0.9978193146417446,1.0,1.3899504636339337,instance,informative
1,0.13657407407407407,0.2,0.16666666666666663,0.7857142857142857,0.5996560409392412,0.0,0.4478585601793561,0.9987538940809969,1.0,1.279571614244297,instance,informative
1,0.2655038759689923,0.2,0.2436781609195402,0.6428571428571429,0.1921630252900532,1.0,0.5147345475292737,1.0,1.0,0.9585923635405151,instance,informative
1,0.07971014492753625,0.2,0.2329749103942652,0.5357142857142857,0.21479486181794316,0.0,0.4848167890980538,0.9987538940809969,1.0,0.8363608177790569,instance,informative
1,0.11688311688311692,0.0,0.16666666666666663,0.8571428571428571,0.2509515436796673,0.0,0.43419510977668885,0.9968847352024922,1.0,0.44349445160000805,instance,informative
1,0.045454545454545414,0.2,0.39682539682539686,0.39285714285714285,0.2661789670579561,0.0,0.46324020400164234,0.9987538940809969,1.0,0.8623896347165896,instance,informative
1,0.7048076923076922,0.0,0.18727272727272726,0.5,0.35913977511507256,0.0,0.4866885009801958,0.9984423676012462,1.0,0.49566463946593353,instance,informative
1,0.1690647482014389,0.2,0.2329749103942652,0.4642857142857143,0.31298531237321914,0.3333333333333333,0.4529988191200772,0.9990654205607477,1.0,1.0717947458645813,instance,informative
1,0.24018838304552592,0.2,0.18666666666666665,0.5,0.17529912850027163,0.0,0.4956546864668889,0.9996884735202493,1.0,1.6838012020076936,instance,informative
1,0.13752276867030966,0.2,0.2436781609195402,0.8928571428571429,0.184563556904556,1.0,0.5081683080387831,1.0,1.0,0.9367162249399037,instance,informative
1,0.03749999999999998,0.2,0.16666666666666663,0.7857142857142857,0.331216858859017,0.0,0.47813495592126265,0.9996884735202493,0.975,0.5786214170954591,instance,informative
1,0.19615384615384612,0.4,0.2670454545454546,0.6071428571428571,0.6241860938817996,0.0,0.4908141441919319,0.9993769470404984,1.0,0.5221679900759167,instance,informative
1,0.3112781954887218,0.2,0.39682539682539686,0.39285714285714285,0.4133712008694438,0.0,0.4938872770683178,0.9990654205607477,1.0,0.4620084951495554,instance,informative
1,0.1779279279279279,0.4,0.2436781609195402,0.39285714285714285,0.4233938383892494,0.6666666666666666,0.5039814190717478,1.0,1.0,0.6542888697337559,instance,informative
1,0.14551282051282055,0.4,0.48888888888888893,0.6785714285714286,0.4022050999845882,0.3333333333333333,0.4694220198157585,0.9996884735202493,1.0,0.5515764312563722,instance,informative
1,0.20685579196217496,0.2,0.16666666666666663,0.7857142857142857,0.26659973291101513,0.0,0.4850111827756276,0.9987538940809969,1.0,0.25862865423047965,instance,informative
1,0.22619047619047616,0.2,0.18727272727272726,0.8214285714285714,0.1623695810205707,0.0,0.46020724303321114,0.9993769470404984,1.0,0.6308906485268212,instance,informative
1,0.17142857142857149,0.4,0.2670454545454546,0.42857142857142855,0.22566964873565254,1.0,0.5091440843460262,1.0,1.0,0.4001338271268381,instance,informative
1,0.13035870516185477,0.2,0.25,0.17857142857142858,0.5286775824891924,0.0,0.4821344231951423,0.9987538940809969,1.0,0.4735853862206799,instance,informative
1,0.2047619047619048,0.6,0.2436781609195402,1.0,0.17909780238058293,1.0,0.5069120807801843,1.0,1.0,1.0859499370614438,instance,informative
1,0.41133720930232553,0.2,0.18727272727272726,0.5357142857142857,0.2621381293328854,0.0,0.4952597633962369,0.9996884735202493,1.0,0.4090329668092264,instance,informative
1,0.26225490196078427,0.2,0.2436781609195402,0.8928571428571429,0.27245391498640237,0.5,0.5098872215605624,1.0,1.0,1.0614358304464047,instance,informative
1,0.05844155844155852,0.2,0.18727272727272726,0.7142857142857143,0.1812723793357166,0.0,0.4947899099840315,0.9993769470404984,1.0,1.213571571821047,instance,informative
1,0.21906474820143884,0.0,0.2670454545454546,0.42857142857142855,0.413263108362333,0.0,0.4736370388271357,0.9981308411214953,1.0,0.44702949905443784,instance,informative
1,0.3500000000000001,0.2,0.36363636363636365,0.42857142857142855,0.37977235468094983,1.0,0.5182892798997787,1.0,1.0,0.42217373847085116,instance,informative
1,0.07480314960629919,0.0,0.2436781609195402,0.35714285714285715,0.3974841094061746,0.0,0.4615646533995942,0.9956386292834891,1.0,0.08937546328414504,instance,informative
1,0.2533333333333333,0.0,0.7719298245614035,0.5714285714285714,0.272898960662157,0.0,0.48517840747963703,0.9956386292834891,1.0,0.8944031365460341,instance,informative
1,0.20833333333333326,0.0,0.18974358974358974,0.6785714285714286,0.41082240695986627,0.0,0.44143899666855413,0.9934579439252337,1.0,0.2076917654318468,instance,informative
1,0.14615384615384608,0.2,0.2670454545454546,0.6071428571428571,0.33302472161283714,0.5,0.4883538808257898,0.9996884735202493,1.0,0.5230068418313406,instance,informative
0,0.6759259259259259,0.8,0.7670250896057348,0.32142857142857145,0.6542558682978833,0.0,0.49839171267960003,0.9994407158836689,1.0,-0.640232526176979,instance,informative
0,0.7751968503937008,0.6,0.7563218390804598,0.35714285714285715,0.5620930459879913,0.0,0.49073033894561124,0.9988814317673378,1.0,-0.5181380940431525,instance,informative
1,0.1291208791208791,0.0,0.18727272727272726,0.7142857142857143,0.1910481575539279,0.0,0.4366465983307606,0.9947040498442368,1.0,0.8715737898492747,instance,informative
1,0.050000000000000044,0.2,0.5272727272727273,0.6071428571428571,0.16332960841587657,0.0,0.43014258946791817,0.9987538940809969,1.0,0.5340555518925703,instance,informative
1,0.12810945273631846,0.0,0.2670454545454546,0.6071428571428571,0.1695062929137089,0.0,0.44452139378739397,0.997196261682243,1.0,1.485281086438502,instance,informative
1,0.17647058823529416,0.0,0.2436781609195402,0.35714285714285715,0.30798820254667525,0.0,0.46501317120494634,0.997196261682243,1.0,0.34964038207450115,instance,informative
1,0.37058823529411766,0.2,0.16666666666666663,0.8571428571428571,0.24726854383637126,1.0,0.501210443880745,1.0,1.0,1.1153829941443325,instance,informative
1,0.164983164983165,0.2,0.36363636363636365,0.32142857142857145,0.32553230809041633,0.5,0.47307131282924697,0.9993769470404984,1.0,1.0504949400660677,instance,informative
1,0.125,0.2,0.36363636363636365,0.32142857142857145,0.6035349202501857,0.0,0.4648014115302592,0.9987538940809969,1.0,0.8745152088575414,instance,informative
1,0.12698412698412698,0.2,0.18727272727272726,0.7142857142857143,0.1471267767385746,0.2,0.4767665447510683,0.9987538940809969,1.0,1.0052057766682447,instance,informative
1,0.09340659340659341,0.2,0.2436781609195402,0.8928571428571429,0.2635910070468892,0.25,0.5113362920909679,1.0,1.0,1.306159279193787,instance,informative
0,0.34615384615384615,0.6,0.31034482758620685,0.42857142857142855,0.5619666085951667,0.0,0.4871042714842251,0.9994407158836689,1.0,-0.6312458800126385,instance,informative
1,0.26241134751773054,0.0,0.2436781609195402,0.8928571428571429,0.23416271958150192,0.375,0.4766207408906741,0.9984423676012462,1.0,0.8590576059248585,instance,informative
1,0.0,0.0,0.18727272727272726,0.6071428571428571,0.33242583041952856,0.0,0.4596430661864841,0.9981308411214953,1.0,1.1077689635041044,instance,informative
1,0.059523809523809534,0.2,0.2329749103942652,0.6071428571428571,0.1950597240929075,0.0,0.4756314569368899,0.9996884735202493,0.975,0.7194489538125934,instance,informative
0,0.6880781089414183,0.6,0.8127272727272727,0.7857142857142857,0.787840547130153,0.75,0.5306688069473464,1.0,1.0,-0.5116435015336088,instance,informative
1,0.18888888888888888,0.0,0.2670454545454546,0.5357142857142857,0.2144920176068969,0.0,0.4698043110734018,0.997196261682243,1.0,1.080002426251764,instance,informative
1,0.08227848101265822,0.0,0.2329749103942652,0.6785714285714286,0.1952924584233614,0.0,0.46820811806714036,0.9965732087227415,1.0,1.1642305787906546,instance,informative
1,0.125,0.0,0.36363636363636365,0.5,0.20940776585911347,0.0,0.4657129133912048,0.9978193146417446,1.0,1.1425458772745234,instance,informative
1,0.15476190476190477,0.2,0.2670454545454546,0.7857142857142857,0.134761210240116,0.5,0.5282135253894615,1.0,1.0,0.8802480517942347,instance,informative
0,0.661734693877551,1.0,0.7563218390804598,0.39285714285714285,0.8137403505977971,1.0,0.5483407390442001,1.0,1.0,-1.3762177645504658,instance,informative
0,0.8067287043664997,0.6,0.8102564102564103,0.5,0.6314089533130254,1.0,0.5290420976584411,1.0,1.0,-0.2102819384209008,instance,informative
1,0.16758241758241765,0.0,0.2436781609195402,0.8928571428571429,0.22513702492285032,0.0,0.4163748620007063,0.9884735202492212,1.0,0.9095344279686205,instance,informative
1,0.08333333333333326,0.0,0.18727272727272726,0.75,0.1566125073838141,0.0,0.45821022508011344,0.9975077881619938,1.0,1.3855553046646698,instance,informative
1,0.050000000000000044,0.0,0.18974358974358974,0.6071428571428571,0.1176203244720207,0.0,0.4645677078426821,0.9950155763239875,1.0,0.7674114736854835,instance,informative
1,0.14922813036020588,0.2,0.2436781609195402,0.39285714285714285,0.2566266213382189,1.0,0.5014191362839155,1.0,1.0,0.36028726751757867,instance,informative
1,0.3319672131147541,0.4,0.16666666666666663,0.7857142857142857,0.18606654851693027,0.25,0.4832694005818733,0.9996884735202493,1.0,1.4236009868819925,instance,informative
1,0.09615384615384615,0.2,0.18666666666666665,0.5,0.1719609249581714,0.0,0.490547641714671,0.9990654205607477,1.0,0.6396016637191366,instance,informative
1,0.3775100401606426,0.2,0.4236453201970444,0.6428571428571429,0.4110051398208537,0.0,0.4760018674277159,0.9993769470404984,1.0,0.87098336381705,instance,informative
1,0.20236220472440936,0.4,0.2436781609195402,0.6428571428571429,0.43089929957961404,1.0,0.5158359473234075,1.0,1.0,0.5660093833483965,instance,informative
1,0.16955266955266957,0.2,0.18974358974358974,0.6785714285714286,0.32179243689460374,0.3333333333333333,0.5014484395810321,1.0,1.0,1.062425235997221,instance,informative
0,0.8571428571428572,0.8,0.24637681159420288,0.5714285714285714,0.7250735112339028,0.0,0.4983499949646384,0.9994407158836689,1.0,-0.448272898853444,instance,informative
1,0.0,0.0,0.2436781609195402,0.8928571428571429,0.38885543045148785,0.0,0.4412350711454265,0.9928348909657321,1.0,0.8865657567375228,instance,informative
1,0.0,0.0,0.18727272727272726,0.6071428571428571,0.13473022051115136,0.0,0.477888777461715,0.9984423676012462,1.0,1.1872744211649386,instance,informative
1,0.141941391941392,0.2,0.2436781609195402,0.6428571428571429,0.302962322301521,1.0,0.5061552156509708,1.0,1.0,0.8078073910641242,instance,informative
1,0.15844155844155838,0.0,0.2670454545454546,0.6071428571428571,0.22194141051712502,0.0,0.4722761101630939,0.9962616822429906,1.0,0.636187386608226,instance,informative
1,0.13752276867030966,0.0,0.48888888888888893,0.42857142857142855,0.24061834740645238,0.0,0.4486744877898251,0.9940809968847352,1.0,0.9650043955304892,instance,informative
1,0.025000000000000022,0.0,0.2329749103942652,0.2857142857142857,0.14196496447338325,0.0,0.4293202103833107,0.9953271028037384,1.0,1.1855074497187292,instance,informative
1,0.19316239316239314,0.4,0.2436781609195402,0.8928571428571429,0.36449678381706196,0.0,0.47573712293098,0.9996884735202493,1.0,0.20827853243800548,instance,informative
1,0.16602316602316602,0.0,0.2436781609195402,0.39285714285714285,0.4605202757326946,0.0,0.4539384292280292,0.9975077881619938,1.0,0.28637915182017687,instance,informative
1,0.19285714285714284,0.0,0.18974358974358974,0.6071428571428571,0.1858904985094254,0.0,0.4294952097329072,0.997196261682243,1.0,0.7088813369785351,instance,informative
1,0.06432360742705567,0.0,0.2436781609195402,0.8928571428571429,0.286390972858524,0.0,0.3916337416656067,0.9959501557632399,1.0,0.8494618782833433,instance,informative
1,0.0714285714285714,0.4,0.18727272727272726,0.4642857142857143,0.2205005322032072,1.0,0.5104174419603484,1.0,1.0,0.6820797500748219,instance,informative
1,0.06432360742705567,0.2,0.5714285714285714,0.39285714285714285,0.2863646092469061,0.0,0.4651836444302415,0.9990654205607477,1.0,0.8858765652679803,instance,informative
1,0.2248031496062992,0.2,0.16666666666666663,0.7857142857142857,0.3262523998346557,0.5,0.5004681443265162,1.0,1.0,0.3929231105151229,instance,informative
1,0.14901477832512322,0.0,0.36363636363636365,0.5,0.26044265695062807,0.0,0.4733922379034342,0.9984423676012462,1.0,0.5125375966212009,instance,informative
1,0.38,0.2,0.18727272727272726,0.6071428571428571,0.23051206019046644,0.5,0.5082200504857405,1.0,1.0,1.5764865396233423,instance,informative
1,0.2116161616161616,0.0,0.5272727272727273,0.4642857142857143,0.5281467660361823,0.3333333333333333,0.49136870927608867,0.9981308411214953,1.0,0.5767198911514048,instance,informative
1,0.25,0.2,0.2436781609195402,0.35714285714285715,0.2326486956556323,0.0,0.48483602609992993,0.9993769470404984,1.0,0.6412537662381443,instance,informative
1,0.23844537815126055,0.0,0.2436781609195402,0.8928571428571429,0.267267557155603,0.0,0.4676084100402659,0.9965732087227415,1.0,0.8466697734215585,instance,informative
1,0.18888888888888888,0.0,0.18666666666666665,0.5,0.17965236687843106,0.0,0.47139604069233754,0.9975077881619938,1.0,0.6162208711062043,instance,informative
1,0.1821705426356589,0.2,0.18666666666666665,0.5,0.18422850015716585,0.25,0.4886761550038682,0.9996884735202493,1.0,1.0569824425792125,instance,informative
1,0.29666666666666663,0.2,0.18727272727272726,0.7142857142857143,0.3054906273094602,0.0,0.4348301162742907,0.9987538940809969,0.975,0.6952623512875801,instance,informative
1,0.2655038759689923,0.6,0.2436781609195402,0.75,0.19510933014785736,1.0,0.5018129295883991,1.0,1.0,0.9840456470880562,instance,informative
0,0.7375886524822695,0.6,0.6363636363636364,0.39285714285714285,0.6469858226822375,0.0,0.4762681793842106,0.9988814317673378,1.0,-0.06059985942923445,instance,informative
1,0.12142857142857144,0.2,0.7719298245614035,0.42857142857142855,0.2872353315351873,1.0,0.5352526653389237,1.0,1.0,0.46999240202529796,instance,informative
1,0.873015873015873,0.4,0.326797385620915,0.5714285714285714,0.22466529617244763,0.0,0.478194328785435,0.9990654205607477,1.0,0.42821946825882695,instance,informative
1,0.24018838304552592,0.0,0.7536231884057971,0.35714285714285715,0.40594934882804734,0.0,0.4489189434445553,0.9925233644859813,1.0,0.9682146743273985,instance,informative
1,0.270440251572327,0.0,0.6852791878172588,0.39285714285714285,0.2736043752787324,0.0,0.44288573092997885,0.997196261682243,1.0,0.49791383470381473,instance,informative
1,0.13227848101265827,0.0,0.2436781609195402,0.39285714285714285,0.33076489915388974,0.0,0.4315044281036189,0.9981308411214953,1.0,0.3222605428557114,instance,informative
1,0.23844537815126055,0.2,0.2436781609195402,0.8928571428571429,0.24649375763223114,0.0,0.476233803580153,0.9987538940809969,1.0,0.6998220863354387,instance,informative
1,0.201844262295082,0.0,0.16666666666666663,0.7857142857142857,0.5503163241217122,0.0,0.47474366955345126,0.9981308411214953,1.0,0.09825189757673138,instance,informative
1,0.1691297208538588,0.4,0.18727272727272726,0.7142857142857143,0.13778500979974534,0.0,0.476232116101985,0.9996884735202493,1.0,0.9756030624132079,instance,informative
0,0.8038461538461539,0.8,0.5111111111111111,0.5714285714285714,0.7837324206304942,1.0,0.5225261672631132,1.0,1.0,-1.330616430357721,instance,informative
1,0.19878787878787874,0.0,0.36363636363636365,0.35714285714285715,0.5020158890292794,0.0,0.4520564706752085,0.9959501557632399,1.0,0.451407155211367,instance,informative
1,0.18213190184049077,0.4,0.5272727272727273,0.5,0.26153911156279397,0.0,0.4925708161458865,0.9993769470404984,1.0,0.5229215589492268,instance,informative
1,0.21717171717171713,0.0,0.18974358974358974,0.6785714285714286,0.2566668449425712,0.0,0.46709154032879163,0.9978193146417446,1.0,0.8252462327256879,instance,informative
1,0.164983164983165,0.2,0.48888888888888893,0.42857142857142855,0.18179913401491715,0.5,0.49789008983631255,0.9996884735202493,1.0,0.8778442813345598,instance,informative
1,0.05769230769230771,0.2,0.18727272727272726,0.7142857142857143,0.2437281135307049,0.0,0.4822986894071154,0.9987538940809969,1.0,0.5885921241245123,instance,informative
1,0.17480314960629917,0.0,0.2329749103942652,0.2857142857142857,0.3773471166188819,0.0,0.4706190167389689,0.9981308411214953,1.0,1.0758158713280128,instance,informative
1,0.07777777777777772,0.8,0.2436781609195402,0.5357142857142857,0.2892555780091075,1.0,0.5130382336649346,1.0,1.0,1.0612189367800833,instance,informative
1,0.5962643678160919,0.4,0.36363636363636365,0.4642857142857143,0.3142961097661924,0.0,0.493760876005477,0.9993769470404984,1.0,0.878714369531582,instance,informative
1,0.46293103448275863,0.4,0.2329749103942652,0.5714285714285714,0.29248858322380256,0.0,0.4814634790747807,0.9993769470404984,1.0,0.7166643913232421,instance,informative
0,0.8180539932508437,0.8,0.8133333333333334,0.5,0.6502569481529723,1.0,0.5077735216340552,1.0,1.0,-0.3373173496857416,instance,informative
1,0.21717171717171713,0.0,0.326797385620915,0.5,0.2281992716856977,0.0,0.4653594910305838,0.9956386292834891,1.0,0.7026355173960825,instance,informative
1,0.20727848101265822,0.4,0.18727272727272726,0.6071428571428571,0.16124547991409255,0.0,0.4736603482732511,0.9993769470404984,1.0,1.029710098001918,instance,informative
1,0.025862068965517238,0.0,0.2436781609195402,0.8928571428571429,0.3252689910429942,0.0,0.4285725690692965,0.9956386292834891,1.0,0.8757349042848125,instance,informative
1,0.10952380952380958,0.0,0.2670454545454546,0.7857142857142857,0.3771933348945954,0.0,0.471901241347513,0.9947040498442368,1.0,0.46593089023773954,instance,informative
1,0.26225490196078427,0.0,0.5272727272727273,0.6071428571428571,0.3545882813785711,0.13043478260869565,0.4798501465893761,0.9981308411214953,1.0,0.3918091953492388,instance,informative
1,0.10236220472440949,0.2,0.36363636363636365,0.35714285714285715,0.34992322971990864,0.0,0.4663782870285983,0.9987538940809969,1.0,-0.02111482995939865,instance,informative
1,0.10377358490566035,0.2,0.2436781609195402,0.39285714285714285,0.26232267098115203,0.0,0.48389848689542125,0.9993769470404984,1.0,0.5770760562775114,instance,informative
0,0.8696412948381452,1.0,0.673202614379085,0.4642857142857143,0.6100086132488698,1.0,0.5508584577439192,1.0,1.0,-0.5329490148363698,instance,informative
1,0.07971014492753625,0.2,0.326797385620915,0.5,0.35899272724544484,0.0,0.48319970122341005,0.9996884735202493,1.0,0.0010393234368853334,instance,informative
1,0.1685531496062992,0.0,0.2436781609195402,0.8928571428571429,0.1716503948383178,0.0,0.44773518293461034,0.9959501557632399,1.0,1.3909638903187116,instance,informative
0,0.6757142857142857,0.8,0.31034482758620685,0.42857142857142855,0.7137794413880917,1.0,0.50781408502651,1.0,1.0,-0.7966092035387263,instance,informative
1,0.15932914046121593,0.2,0.2670454545454546,0.6071428571428571,0.27470023958512835,0.0,0.4815103725048382,0.9987538940809969,1.0,0.5938995109856151,instance,informative
1,0.14459930313588854,0.2,0.2436781609195402,0.39285714285714285,0.5400295830480769,0.0,0.4768591533790867,0.9987538940809969,1.0,0.317408819131798,instance,informative
1,0.0714285714285714,0.0,0.16666666666666663,0.4642857142857143,0.15501006651110893,0.0,0.4242130296133595,0.9981308411214953,0.975,0.47718294695314956,instance,informative
1,0.09340659340659341,0.4,0.2436781609195402,0.8928571428571429,0.20658082106303127,0.2,0.5116856924152107,1.0,1.0,0.40732234426027786,instance,informative
1,0.18550368550368546,0.2,0.16666666666666663,0.7857142857142857,0.3715953640786699,0.0,0.49085666648793636,0.9990654205607477,1.0,0.3932766130632135,instance,informative
1,0.2195652173913043,0.4,0.36363636363636365,0.39285714285714285,0.257121421532257,0.25,0.5063657009802993,1.0,1.0,0.4724344402071941,instance,informative
1,0.24463190184049077,0.4,0.2329749103942652,0.39285714285714285,0.47131025548390415,0.5,0.5043416240361125,1.0,1.0,0.5123607772379987,instance,informative
1,0.26436781609195403,0.4,0.2670454545454546,0.7857142857142857,0.2242800445983969,0.0,0.48521565861653737,0.9996884735202493,1.0,0.833976284807877,instance,informative
1,0.07317073170731714,0.2,0.4236453201970444,0.6071428571428571,0.2692710618603549,0.0,0.4824920244620068,0.9993769470404984,1.0,1.2189386397523896,instance,informative
1,0.5962643678160919,0.4,0.18727272727272726,0.7142857142857143,0.3702646051333889,1.0,0.5225919524858482,1.0,1.0,0.9316008230137219,instance,informative
1,0.09558823529411764,0.2,0.2329749103942652,0.35714285714285715,0.2983578267214241,0.0,0.4941327203384823,0.9993769470404984,1.0,0.3284189588648285,instance,informative
1,0.18591426071741024,0.2,0.2329749103942652,0.5357142857142857,0.12773146945548558,0.0,0.4853391934021264,0.9990654205607477,1.0,2.45508991229451,instance,informative
1,0.1821705426356589,0.2,0.18727272727272726,0.6071428571428571,0.2549627497306023,0.0,0.49704328149574806,0.9993769470404984,1.0,1.4867996667073453,instance,informative
0,0.6565656565656566,1.0,0.5111111111111111,0.5,0.7929951511998692,1.0,0.5295344942160103,1.0,0.975,-1.2809460089926366,instance,informative
1,0.1339285714285714,0.0,0.18727272727272726,0.6428571428571429,0.31529081433258366,0.0,0.4667119450773285,0.9981308411214953,1.0,0.1322735809410795,instance,informative
1,0.09305555555555556,0.2,0.2436781609195402,0.6071428571428571,0.4058089317013267,0.3333333333333333,0.47850389250792547,0.9990654205607477,1.0,0.1850082076505744,instance,informative
1,0.22044334975369462,0.4,0.18727272727272726,0.6071428571428571,0.2509805691567474,0.2,0.5057976311830835,1.0,1.0,1.025049328996752,instance,informative
1,0.360843373493976,0.2,0.2329749103942652,0.6785714285714286,0.23976354928990923,1.0,0.5032729750145701,1.0,1.0,0.6901370338215685,instance,informative
1,0.360843373493976,0.0,0.2329749103942652,0.6785714285714286,0.43502674215913373,0.0,0.47452854521457133,0.9981308411214953,1.0,0.9101878379978048,instance,informative
1,0.2533333333333333,0.0,0.36363636363636365,0.35714285714285715,0.5298078073321322,0.0,0.48581019524098135,0.9978193146417446,1.0,0.06795145735170793,instance,informative
1,0.0,0.0,0.18727272727272726,0.7142857142857143,0.13591130200564538,0.0,0.43770102375261233,0.9978193146417446,1.0,0.755176045715527,instance,informative
1,0.10236220472440949,0.0,0.2436781609195402,0.35714285714285715,0.1449603624550463,0.0,0.4845563910555163,0.9981308411214953,0.95,0.6275699633688125,instance,informative
1,0.14588377723970947,0.0,0.2329749103942652,0.5357142857142857,0.20871601197602152,0.0,0.45758870887156344,0.9978193146417446,1.0,0.7195111710857642,instance,informative
1,0.23809523809523814,0.0,0.2436781609195402,0.6071428571428571,0.16380401787083798,0.0,0.4352219398603878,0.9965732087227415,1.0,1.2164138794638433,instance,informative
1,0.125,0.2,0.2329749103942652,0.35714285714285715,0.2507594150037221,1.0,0.5082252625524344,1.0,0.975,0.9382402002906232,instance,informative
1,0.1671732522796353,0.0,0.2436781609195402,0.75,0.2476230017669364,0.0,0.47990793842867074,0.9984423676012462,1.0,0.3903924408048113,instance,informative
1,0.0714285714285714,0.2,0.2436781609195402,0.35714285714285715,0.3383592014545126,0.0,0.49855325131911854,0.9996884735202493,1.0,0.5462680989763051,instance,informative
0,0.735632183908046,1.0,0.7563218390804598,0.8928571428571429,0.7157615451002943,1.0,0.5353825402533472,1.0,1.0,-0.8341731334817759,instance,informative
0,0.717948717948718,1.0,0.4727272727272728,0.4642857142857143,0.6888202776364484,1.0,0.5148497532163266,1.0,1.0,-0.2164946315366251,instance,informative
1,0.07480314960629919,0.0,0.7719298245614035,0.42857142857142855,0.3242255287355972,0.0,0.47742381424861524,0.9962616822429906,1.0,-0.2286073931062893,instance,informative
1,0.23550724637681153,0.0,0.4236453201970444,0.6428571428571429,0.26880642691154394,0.0,0.4522100758941855,0.9984423676012462,1.0,1.4655318971613565,instance,informative
1,0.15000000000000002,0.0,0.18727272727272726,0.75,0.16769921199020216,0.0,0.4609787421695387,0.9947040498442368,1.0,0.7994598093084231,instance,informative
1,0.17142857142857149,0.2,0.2329749103942652,0.35714285714285715,0.3292695192865204,0.0,0.49975929402953967,0.9996884735202493,1.0,1.1906781178503645,instance,informative
1,0.07480314960629919,0.2,0.2329749103942652,0.2857142857142857,0.21032874062028395,0.0,0.4734657106140201,0.9990654205607477,1.0,1.266738684948915,instance,informative
1,0.19551282051282048,0.4,0.2670454545454546,0.7857142857142857,0.27819961661173176,0.3333333333333333,0.48351296239975905,0.9996884735202493,1.0,0.7059701370841763,instance,informative
1,0.139344262295082,0.0,0.2436781609195402,0.8928571428571429,0.6050363473619317,0.0,0.47469215038923174,0.9956386292834891,1.0,0.2159861409373994,instance,informative
0,0.9097693351424695,1.0,0.7329545454545454,0.7857142857142857,0.7364868892233569,0.6666666666666666,0.5267138927677057,1.0,1.0,-0.7264843875033438,instance,informative
1,0.14027777777777772,0.0,0.2670454545454546,0.7142857142857143,0.2123245230037571,0.0,0.4649378705747793,0.9981308411214953,1.0,0.5133283945877022,instance,informative
1,0.04477611940298509,0.0,0.39682539682539686,0.39285714285714285,0.5136523873131437,0.0,0.4695505682498562,0.997196261682243,1.0,0.9332758127165102,instance,informative
1,0.24942102825382118,0.2,0.36363636363636365,0.35714285714285715,0.37531548216255173,0.0,0.4957103710106875,0.9990654205607477,1.0,0.7656376795695189,instance,informative
1,0.38548752834467126,0.0,0.2329749103942652,0.6785714285714286,0.26204780786430365,0.0,0.4455924645319205,0.9984423676012462,1.0,1.1111726945942333,instance,informative
1,0.025862068965517238,0.2,0.2329749103942652,0.5714285714285714,0.20204089655793167,0.0,0.4954040056504947,0.9987538940809969,1.0,0.7372597071439584,instance,informative
1,0.20727848101265822,0.4,0.326797385620915,0.5357142857142857,0.18984450044931506,1.0,0.553016955046028,1.0,1.0,0.9353691646433211,instance,informative
1,0.050000000000000044,0.2,0.2329749103942652,0.35714285714285715,0.5957549786381493,0.0,0.49882805033319544,0.9996884735202493,0.975,0.1664267040050637,instance,informative
1,0.10236220472440949,0.0,0.7536231884057971,0.35714285714285715,0.23598209939594833,0.0,0.42173751586868224,0.9956386292834891,1.0,0.9789690610649829,instance,informative
1,0.0957446808510638,0.2,0.7719298245614035,0.5714285714285714,0.5241375416834382,0.0,0.4610653663127575,0.9987538940809969,0.975,0.6973425452102642,instance,informative
0,0.0,1.0,0.22807017543859653,0.5,0.8746689556348989,1.0,0.5219949746380488,1.0,0.975,-1.5325030844771574,instance,informative
1,0.21333333333333337,0.0,0.18727272727272726,0.5357142857142857,0.19868530862540112,0.0,0.4555228808178663,0.9965732087227415,1.0,0.8128683740040497,instance,informative
1,0.11956521739130432,0.0,0.18727272727272726,0.6071428571428571,0.14928530334308449,0.0,0.48285602768973146,0.9978193146417446,1.0,0.3109167029705527,instance,informative
0,0.8285714285714285,1.0,0.7670250896057348,0.5,0.8668510286163392,1.0,0.5258509132249529,1.0,1.0,-1.4520875600514864,instance,informative
0,0.6803680981595092,0.8,0.6363636363636364,0.39285714285714285,0.5703828425390748,0.6666666666666666,0.538404731573932,1.0,1.0,0.10822036999139971,instance,informative
1,0.15000000000000002,0.2,0.2436781609195402,0.8928571428571429,0.2325476043319119,1.0,0.500249513220186,1.0,1.0,0.8413684705191514,instance,informative
1,0.1821705426356589,0.2,0.16666666666666663,0.8571428571428571,0.2432612939161044,0.0,0.4831156948636752,0.9987538940809969,1.0,0.9911531905225595,instance,informative
1,0.10999999999999999,0.0,0.2329749103942652,0.2857142857142857,0.26687548169703634,0.0,0.45504991389339355,0.9962616822429906,1.0,0.9059235723239925,instance,informative
1,0.125,0.0,0.48888888888888893,0.4642857142857143,0.15050887550238218,0.0,0.4749926158040173,0.9978193146417446,1.0,0.9324556037843156,instance,informative
0,0.8253757736516357,0.6,0.5111111111111111,0.42857142857142855,0.6257854393693477,1.0,0.5651673797446144,1.0,1.0,-0.4845198381130868,instance,informative
1,0.09677419354838712,0.0,0.2436781609195402,0.8928571428571429,0.5303689985170311,0.0,0.451442944741138,0.9956386292834891,0.975,0.7551707665374862,instance,informative
1,0.19558823529411762,0.6,0.2436781609195402,0.8928571428571429,0.20081247874961894,0.0,0.48072207079486373,0.9993769470404984,1.0,0.8278078413251517,instance,informative
1,0.16326530612244894,0.0,0.36363636363636365,0.32142857142857145,0.22979220728386318,0.0,0.4832438849819637,0.9975077881619938,1.0,0.7173306173158823,instance,informative
1,0.24942102825382118,0.2,0.2436781609195402,0.8928571428571429,0.23885678890980006,0.0,0.47441126848806414,0.9987538940809969,1.0,0.3094764317789064,instance,informative
1,0.3992946708463949,0.4,0.6896551724137931,0.42857142857142855,0.3249541820807177,0.4,0.48714314578305773,0.9993769470404984,1.0,0.7494604829435699,instance,informative
1,0.04477611940298509,0.2,0.2436781609195402,0.8928571428571429,0.3489153794841656,0.2,0.4923185952701097,0.9987538940809969,1.0,0.5841247559422106,instance,informative
1,0.1779279279279279,0.0,0.18974358974358974,0.6785714285714286,0.3724491534778961,0.0,0.47614215373306035,0.9978193146417446,1.0,0.22428738478843832,instance,informative
1,0.25384615384615383,0.2,0.6852791878172588,0.25,0.5188743354411786,0.0,0.48264479312218045,0.9990654205607477,1.0,-0.1975885277693556,instance,informative
1,0.10236220472440949,0.0,0.2329749103942652,0.2857142857142857,0.14768058698184616,0.0,0.44442598515731846,0.9950155763239875,1.0,0.4963135207570208,instance,informative
1,0.13035870516185477,0.0,0.18974358974358974,0.7142857142857143,0.2717430367224776,0.0,0.4693368638932566,0.9984423676012462,1.0,0.7300635206201707,instance,informative
1,0.17948717948717952,0.2,0.36363636363636365,0.35714285714285715,0.29294319967218463,0.0,0.47453913759134503,0.9993769470404984,1.0,0.6756935149240513,instance,informative
1,0.17142857142857149,0.0,0.2329749103942652,0.5357142857142857,0.1350008162131915,0.0,0.4677475319424246,0.9981308411214953,1.0,1.126628518507924,instance,informative
1,0.3699494949494949,0.2,0.326797385620915,0.5,0.3055271394549387,0.3333333333333333,0.48550442490239565,0.9987538940809969,1.0,0.7067537701145048,instance,informative
1,0.1339285714285714,0.2,0.18727272727272726,0.6428571428571429,0.21624869485773068,0.5,0.5079841117866085,1.0,1.0,1.1698720915265575,instance,informative
1,0.059523809523809534,0.0,0.2670454545454546,0.7857142857142857,0.4439975212037536,0.0,0.46094184042994535,0.997196261682243,1.0,0.48013437799291436,instance,informative
1,0.0714285714285714,0.0,0.48888888888888893,0.6785714285714286,0.4700660770306716,0.0,0.464916448240166,0.9959501557632399,0.975,0.5677523342987405,instance,informative
1,0.07480314960629919,0.4,0.4236453201970444,0.6428571428571429,0.27155852212708,0.0,0.4695483486813544,0.9993769470404984,1.0,1.0521754747139982,instance,informative
1,0.18253968253968256,0.4,0.39682539682539686,0.4642857142857143,0.28374181957602673,0.4,0.4748452559483095,0.9996884735202493,1.0,1.2263272602889392,instance,informative
1,0.28308823529411764,0.2,0.18727272727272726,0.6071428571428571,0.2117048926706091,0.0,0.4403911205206036,0.9987538940809969,1.0,1.0685944746230922,instance,informative
1,0.1339285714285714,0.4,0.2329749103942652,0.6785714285714286,0.16093002749755836,0.5,0.5177292130482983,1.0,1.0,0.8343591586948176,instance,informative
1,0.16602316602316602,0.2,0.36363636363636365,0.42857142857142855,0.23542650864789644,1.0,0.506230091024519,1.0,1.0,0.7452838838357008,instance,informative
1,0.025000000000000022,0.0,0.2436781609195402,0.39285714285714285,0.35600823773261586,0.0,0.4640374904188477,0.9959501557632399,1.0,0.505537220173561,instance,informative
1,0.1691297208538588,0.0,0.18666666666666665,0.4642857142857143,0.16315537145778963,0.0,0.46874254278732996,0.9978193146417446,1.0,1.3455299862917711,instance,informative
0,0.8294871794871794,0.8,0.8333333333333334,0.5,0.605687094392956,1.0,0.5270692105312016,1.0,1.0,-0.2590638774462822,instance,informative
1,0.04477611940298509,0.0,0.2670454545454546,0.75,0.539594785957569,0.0,0.48877052086764117,0.9984423676012462,1.0,0.5424048186692783,instance,informative
1,0.16842105263157903,0.0,0.2436781609195402,0.35714285714285715,0.2635207910207633,0.0,0.45095245795065253,0.9984423676012462,1.0,0.9540785827865202,instance,informative
1,0.125,0.6,0.18727272727272726,0.6071428571428571,0.16365532180953613,0.0,0.48927962652766643,0.9996884735202493,0.975,1.0768367769598204,instance,informative
1,0.26225490196078427,0.2,0.2436781609195402,0.42857142857142855,0.32441112534760885,0.3333333333333333,0.47367933165289167,0.9987538940809969,1.0,-0.28201815842028155,instance,informative
0,0.8304473304473304,1.0,0.8127272727272727,0.7142857142857143,0.8713594321835653,1.0,0.5327699375167632,1.0,1.0,-1.366184554227324,instance,informative
1,0.21084337349397586,0.0,0.48888888888888893,0.4642857142857143,0.2114962666992553,0.0,0.4605625302063453,0.9965732087227415,0.975,0.7503632795019389,instance,informative
0,0.6757142857142857,0.4,0.7670250896057348,0.6071428571428571,0.5918210971705249,0.5,0.514225776008268,1.0,1.0,0.23882755400659128,instance,informative
1,0.17948717948717952,0.0,0.2436781609195402,0.8928571428571429,0.21712833752007799,0.0,0.4618006737322399,0.9959501557632399,1.0,0.9380121820885658,instance,informative
1,0.07758620689655171,0.2,0.18727272727272726,0.6071428571428571,0.2786756768747936,0.25,0.5071352617303769,1.0,1.0,0.8066703350979232,instance,informative
1,0.11538461538461542,0.4,0.2670454545454546,0.6071428571428571,0.1799365585236844,0.0,0.4688873575778715,0.9993769470404984,1.0,0.8759181772379365,instance,informative
0,0.7557471264367817,1.0,0.5763546798029557,0.7142857142857143,0.7997506498274446,1.0,0.5343107270379636,1.0,1.0,-0.9806568245305342,instance,informative
1,0.14016393442622954,0.0,0.4236453201970444,0.6428571428571429,0.18419282119660885,0.0,0.4650351990024063,0.9965732087227415,1.0,1.0829658532840185,instance,informative
1,0.33333333333333337,0.2,0.2436781609195402,0.35714285714285715,0.5138710243333815,0.5,0.5013874552020506,1.0,1.0,0.31049260829510655,instance,informative
1,0.09558823529411764,0.4,0.2329749103942652,0.35714285714285715,0.3478701278099968,0.0,0.49859511070825646,0.9996884735202493,1.0,0.08644587517215813,instance,informative
1,0.2416666666666667,0.2,0.18974358974358974,0.6785714285714286,0.2395304496880245,1.0,0.5101336093660978,1.0,1.0,1.0961428306895231,instance,informative
1,0.270440251572327,0.2,0.2436781609195402,0.42857142857142855,0.2700514657679154,0.0,0.4867449142590602,0.9993769470404984,1.0,0.9565618751008349,instance,informative
1,0.05769230769230771,0.0,0.18727272727272726,0.7142857142857143,0.20768557211784433,0.0,0.4543516051846016,0.9959501557632399,1.0,0.4645563191762409,instance,informative
0,0.8718905472636815,1.0,0.13559322033898302,0.17857142857142858,0.6924348140369555,1.0,0.53013549350282,1.0,1.0,-0.8957254397034081,instance,informative
0,0.7365591397849462,0.6,0.7563218390804598,0.4642857142857143,0.6650631886504744,1.0,0.5046177394141382,1.0,1.0,-0.7878944096220788,instance,informative
0,0.4841897233201581,1.0,0.5763546798029557,0.7142857142857143,0.6418682700946972,0.75,0.5188167344232995,1.0,1.0,-0.6242405355585938,instance,informative
1,0.07051282051282048,0.2,0.2436781609195402,0.35714285714285715,0.2851401474617,0.0,0.4828520109801745,0.9990654205607477,1.0,0.9447424767149546,instance,informative
0,0.8452380952380952,1.0,0.7563218390804598,0.42857142857142855,0.7249466005479688,1.0,0.5313555580527057,1.0,1.0,-1.1805795361483282,instance,informative
0,0.7916666666666667,1.0,0.7670250896057348,0.6071428571428571,0.7035254464707297,1.0,0.5211344816669792,1.0,1.0,-0.6370916214042304,instance,informative
1,0.3434343434343434,0.0,0.18727272727272726,0.6071428571428571,0.3290019162984672,0.3333333333333333,0.47230948538180073,0.9984423676012462,1.0,0.9834646297853772,instance,informative
1,0.13095238095238093,0.2,0.25,0.17857142857142858,0.541361485904142,0.5,0.4876184109074032,0.9996884735202493,1.0,0.4026303755355561,instance,informative
1,0.07317073170731714,0.0,0.2670454545454546,0.7857142857142857,0.2948695292396458,0.0,0.4330465328115225,0.9975077881619938,0.975,0.45120191358969697,instance,informative
1,0.14574468085106385,0.2,0.2436781609195402,0.42857142857142855,0.20249974415853106,0.0,0.4921510038286122,0.9993769470404984,1.0,0.742697213575678,instance,informative
1,0.8263888888888888,0.2,0.08333333333333337,0.10714285714285714,0.3012161096414768,0.0,0.48887017970448676,0.9990654205607477,1.0,0.6831236951034401,instance,informative
1,0.26241134751773054,0.4,0.2436781609195402,0.8928571428571429,0.27466690789603465,0.5,0.5093722933349246,1.0,1.0,1.1214242622097832,instance,informative
1,0.15476190476190477,0.2,0.6852791878172588,0.42857142857142855,0.3946741706265148,0.0,0.4734864897119385,0.9993769470404984,1.0,0.3668840870475221,instance,informative
1,0.0714285714285714,0.0,0.4236453201970444,0.7142857142857143,0.20801670929857335,0.0,0.45677141122157905,0.997196261682243,1.0,0.2123654716592227,instance,informative
1,0.24040920716112535,0.2,0.48888888888888893,0.4642857142857143,0.38526688969943323,0.3333333333333333,0.5094255035527534,1.0,1.0,0.5560911403048997,instance,informative
1,0.03749999999999998,0.0,0.18974358974358974,0.6785714285714286,0.2591677576766317,0.0,0.4627071998654716,0.997196261682243,1.0,0.5610344844737307,instance,informative
1,0.41326530612244894,0.0,0.16666666666666663,0.7857142857142857,0.2398195580124689,0.5,0.46232005115713604,0.9965732087227415,1.0,0.8033707675072477,instance,informative
1,0.04477611940298509,0.0,0.36363636363636365,0.4642857142857143,0.5101750729669963,0.0,0.47651924307395244,0.9965732087227415,1.0,0.6510931333235928,instance,informative
1,0.16842105263157903,0.2,0.2329749103942652,0.2857142857142857,0.40661148721258,0.0,0.484755022714634,0.9993769470404984,1.0,1.0048619246015877,instance,informative
0,0.815359477124183,1.0,0.6363636363636364,0.42857142857142855,0.7685814294094683,1.0,0.5250653101602527,1.0,1.0,-0.8513948362770679,instance,informative
1,0.22652757078986585,0.2,0.4236453201970444,0.7142857142857143,0.19537906001286665,0.3333333333333333,0.4314695505264755,0.9993769470404984,1.0,0.7631619198288547,instance,informative
1,0.4504310344827587,0.2,0.4236453201970444,0.6428571428571429,0.44787020462559424,0.8,0.520221432393043,1.0,1.0,0.2296648030505806,instance,informative
1,0.10892857142857149,0.4,0.2436781609195402,0.35714285714285715,0.3382750855632947,0.0,0.4691622709158303,0.9990654205607477,1.0,0.24982631683343273,instance,informative
0,0.8712737127371274,0.8,0.22807017543859653,0.42857142857142855,0.6349710291767063,0.75,0.5237746975015289,1.0,1.0,-0.12187700146651202,instance,informative
1,0.07499999999999996,0.4,0.2670454545454546,0.75,0.6122797164676526,0.0,0.48247116032759685,0.9996884735202493,1.0,0.34805869754969654,instance,informative
0,0.7804347826086957,0.8,0.7670250896057348,0.35714285714285715,0.8113619985288976,1.0,0.5058323320149156,1.0,1.0,-0.7582430316663576,instance,informative
0,0.6887218045112782,1.0,0.22807017543859653,0.5714285714285714,0.6771414635398906,1.0,0.5497192332857739,1.0,1.0,-0.7168720334307274,instance,informative
1,0.18196721311475406,0.2,0.16666666666666663,0.8571428571428571,0.4783852178583129,1.0,0.5018975679603654,1.0,1.0,1.0779144958228688,instance,informative
1,0.10999999999999999,0.2,0.2329749103942652,0.2857142857142857,0.18098942844710786,0.0,0.4758043042637722,0.9990654205607477,1.0,1.369217704041343,instance,informative
1,0.17462422634836428,0.0,0.48888888888888893,0.6785714285714286,0.2738017198074022,0.0,0.4620001305061108,0.9978193146417446,1.0,0.8151012170713379,instance,informative
1,0.17500000000000004,0.2,0.16666666666666663,0.7857142857142857,0.23666364854573807,0.0,0.4908887775687756,0.9996884735202493,1.0,0.6359888391600518,instance,informative
1,0.1964285714285714,0.2,0.2436781609195402,0.39285714285714285,0.33484490081958806,0.0,0.4875194473262847,0.9990654205607477,1.0,0.06264501447433486,instance,informative
1,0.24942102825382118,0.4,0.2436781609195402,0.8928571428571429,0.26102807630557207,0.0,0.4960109897931363,0.9993769470404984,1.0,0.551799462053363,instance,informative
1,0.045454545454545414,0.2,0.2670454545454546,0.8214285714285714,0.2835003676956619,0.0,0.4810755924561241,0.9993769470404984,1.0,1.2701411634354332,instance,informative
1,0.256656346749226,0.0,0.2329749103942652,0.6785714285714286,0.5021817770874061,0.0,0.4779758576884733,0.9981308411214953,1.0,0.5141325987528947,instance,informative
1,0.332391713747646,0.2,0.16666666666666663,0.7857142857142857,0.17633424711264734,0.5,0.5094409073084729,1.0,1.0,1.274665420480799,instance,informative
1,0.10377358490566035,0.0,0.2670454545454546,0.75,0.26613469735432593,0.0,0.4719543737272155,0.9959501557632399,1.0,0.9168500306501632,instance,informative
0,0.610655737704918,1.0,0.7329545454545454,0.4642857142857143,0.6775590281473304,1.0,0.550241471150587,1.0,1.0,-1.4004042736438134,instance,informative
0,0.667608286252354,0.8,0.8127272727272727,0.6071428571428571,0.7994175339526681,1.0,0.5146872341090751,1.0,1.0,-1.2265121560451364,instance,informative
1,0.2195652173913043,0.0,0.2329749103942652,0.5357142857142857,0.1967696080073157,0.0,0.4868595762145044,0.9984423676012462,1.0,0.5150821039630673,instance,informative
1,0.07051282051282048,0.2,0.16666666666666663,0.4642857142857143,0.3847062789786978,0.3333333333333333,0.4924527238219445,0.9993769470404984,1.0,0.46454462781307193,instance,informative
1,0.2655038759689923,0.4,0.5272727272727273,0.6071428571428571,0.30038200342917387,0.5,0.4895139183377335,0.9996884735202493,1.0,1.0846887478098544,instance,informative
1,0.13752276867030966,0.0,0.18727272727272726,0.7142857142857143,0.12993901255566936,0.0,0.46426420750947184,0.9959501557632399,1.0,1.6072541525700608,instance,informative
1,0.15333333333333332,0.0,0.16666666666666663,0.7857142857142857,0.38703349027499534,0.0,0.4829064496510206,0.9940809968847352,1.0,0.6714764310937695,instance,informative
1,0.07480314960629919,0.0,0.2436781609195402,0.75,0.1402084498261017,0.0,0.4652964134734615,0.9968847352024922,1.0,1.6911011336625572,instance,informative
1,0.24038461538461542,0.4,0.5272727272727273,0.7142857142857143,0.505072915755815,0.0,0.48813342187893594,0.9993769470404984,1.0,-0.021527072124306303,instance,informative
0,0.8285714285714285,1.0,0.8102564102564103,0.5,0.8164944924216733,1.0,0.5383886334956596,1.0,1.0,-0.5145297327350296,instance,informative
1,0.11604774535809015,0.2,0.18727272727272726,0.7142857142857143,0.18581371542590847,0.0,0.4982660472131538,0.9996884735202493,1.0,1.072339832542905,instance,informative
1,0.3119218910585817,0.4,0.18727272727272726,0.7142857142857143,0.20842514426172032,0.5,0.5106215547747947,1.0,1.0,0.5511416147826946,instance,informative
1,0.07971014492753625,0.0,0.4236453201970444,0.4642857142857143,0.2112746568418329,0.0,0.4721635941052771,0.9962616822429906,1.0,1.267038233453291,instance,informative
1,0.21963190184049075,0.2,0.2329749103942652,0.5357142857142857,0.2132790257506506,0.5,0.5124772003037065,1.0,1.0,0.8701319084279613,instance,informative
1,0.09305555555555556,0.2,0.2436781609195402,0.42857142857142855,0.33233448992964354,0.0,0.4931120454067308,0.9993769470404984,1.0,0.18095966319265527,instance,informative
0,0.6333333333333333,1.0,0.7670250896057348,0.5357142857142857,0.6886157153686083,1.0,0.5354219940478576,1.0,1.0,-0.9711599642565066,instance,informative
1,0.0957446808510638,0.0,0.2670454545454546,0.42857142857142855,0.41432665015940595,0.0,0.4779918668049642,0.9978193146417446,1.0,0.5679698122841149,instance,informative
0,0.44666666666666666,0.4,0.673202614379085,0.6071428571428571,0.5080609905095042,0.25,0.5051483382414137,1.0,1.0,-0.6363598105548194,instance,informative
1,0.14459930313588854,0.2,0.2436781609195402,0.8928571428571429,0.3285247385442246,1.0,0.5112693840788365,1.0,1.0,0.5272988768617478,instance,informative
1,0.059523809523809534,0.4,0.2329749103942652,0.6785714285714286,0.1573829832414419,0.0,0.4997230648962575,0.9996884735202493,1.0,0.9961254913643324,instance,informative
1,0.4504310344827587,0.2,0.2670454545454546,0.7857142857142857,0.36737034562870347,0.0,0.49251967597961865,0.9990654205607477,1.0,0.2565917491067251,instance,informative
1,0.24894514767932496,0.2,0.2436781609195402,1.0,0.2726376385128504,0.0,0.46843140112386317,0.9990654205607477,1.0,0.9174092173059499,instance,informative
1,0.11538461538461542,0.0,0.2670454545454546,0.4642857142857143,0.21199543259853942,0.0,0.484549901609322,0.9978193146417446,1.0,1.1810140948955414,instance,informative
1,0.09883720930232553,0.2,0.16666666666666663,0.7857142857142857,0.34192618907804195,1.0,0.5092266628153247,1.0,1.0,0.8554509568396703,instance,informative
1,0.326844262295082,0.2,0.2670454545454546,0.7857142857142857,0.36619719824023156,0.25,0.49427856130256576,0.9996884735202493,1.0,0.49619214277611634,instance,informative
1,0.11604774535809015,0.4,0.36363636363636365,0.32142857142857145,0.23939115096097424,0.0,0.480870843243163,0.9990654205607477,1.0,0.9702806912006984,instance,informative
1,0.2160737812911726,0.0,0.6896551724137931,0.42857142857142855,0.3932616627594294,0.0,0.48278758558894064,0.9978193146417446,1.0,0.6065360713025176,instance,informative
1,0.09770114942528729,0.0,0.4236453201970444,0.4642857142857143,0.1772987118503554,0.0,0.4445185425088325,0.9962616822429906,1.0,0.8316260836391713,instance,informative
1,0.07777777777777772,0.2,0.2670454545454546,0.7857142857142857,0.2635263368837175,0.2,0.47807209734429057,0.9996884735202493,1.0,0.9008427756453194,instance,informative
1,0.2857142857142858,0.2,0.2329749103942652,0.35714285714285715,0.30739229645350064,0.3333333333333333,0.5052508376371527,1.0,1.0,0.601713885185061,instance,informative
1,0.2248031496062992,0.2,0.18974358974358974,0.6785714285714286,0.4323383602681079,0.25,0.5042314133652022,1.0,1.0,0.3832095156960719,instance,informative
1,0.05844155844155852,0.0,0.18727272727272726,0.6071428571428571,0.22113324782517313,0.0,0.43479746635699823,0.9940809968847352,1.0,1.1957427169541188,instance,informative
1,0.19615384615384612,0.0,0.2436781609195402,0.8928571428571429,0.18588694988926757,0.0,0.46328220986906576,0.9981308411214953,1.0,0.5766096981333899,instance,informative
1,0.12698412698412698,0.0,0.18727272727272726,0.5714285714285714,0.17332847301793636,0.0,0.4788827143857578,0.9984423676012462,1.0,0.9144323324722052,instance,informative
1,0.20296523517382403,0.2,0.6852791878172588,0.25,0.5579225978099497,0.0,0.48834809325935435,0.9987538940809969,1.0,0.49360124616767415,instance,informative
1,0.059523809523809534,0.2,0.18727272727272726,0.6428571428571429,0.3395716565610113,0.0,0.4844684757247655,0.9987538940809969,1.0,0.3702245689658843,instance,informative
1,0.13,0.4,0.16666666666666663,0.7857142857142857,0.24832973960167865,0.0,0.4872157753820493,0.9993769470404984,1.0,0.351854151129869,instance,informative
1,0.10844155844155845,0.2,0.18666666666666665,0.5,0.2633233583375858,0.0,0.4723781238173542,0.9990654205607477,1.0,0.6700174960307732,instance,informative
1,0.07971014492753625,0.2,0.7840909090909091,0.10714285714285714,0.34751223121022257,0.0,0.4858775389104013,0.9987538940809969,1.0,0.9327999335088225,instance,informative
1,0.4504310344827587,0.4,0.2329749103942652,0.32142857142857145,0.2770230414592748,0.0,0.48619881094534534,0.9993769470404984,1.0,0.667399820036357,instance,informative
1,0.256656346749226,0.0,0.2329749103942652,0.6785714285714286,0.26702599790191206,0.125,0.440582381619964,0.9975077881619938,1.0,0.8678267400014507,instance,informative
1,0.22411616161616155,0.4,0.2670454545454546,0.6071428571428571,0.34986141887255884,0.5,0.4804471056632109,0.9993769470404984,1.0,0.931754900916494,instance,informative
1,0.35557299843014123,0.0,0.16666666666666663,0.8571428571428571,0.17693043323099522,0.0,0.4803267007755051,0.9981308411214953,1.0,1.1901583385299186,instance,informative
1,0.139344262295082,0.2,0.2670454545454546,0.7857142857142857,0.4959758053089717,1.0,0.5038828282421464,1.0,1.0,0.5002524437761215,instance,informative
1,0.2629310344827587,0.2,0.18727272727272726,0.5,0.3172872542224269,1.0,0.5033999968853382,1.0,1.0,1.139227727131537,instance,informative
1,0.24040920716112535,0.6,0.4236453201970444,0.7142857142857143,0.3822073380491653,0.0,0.49835528750678504,0.9996884735202493,1.0,0.10715531153340167,instance,informative
1,0.17051282051282057,0.2,0.16666666666666663,0.8214285714285714,0.38039218012550224,0.0,0.4729578900178286,0.9987538940809969,1.0,0.13250413155337387,instance,informative
1,0.7494505494505495,0.4,0.5272727272727273,0.6071428571428571,0.40456597232685654,0.5,0.5041429413411247,1.0,1.0,0.6314500355197824,instance,informative
1,0.332391713747646,0.0,0.18727272727272726,0.7142857142857143,0.2540818711529901,0.0,0.4465642209655657,0.9940809968847352,1.0,1.1450070056629102,instance,informative
1,0.21333333333333337,0.2,0.48888888888888893,0.4642857142857143,0.23187833907763383,0.5,0.5193114828850751,1.0,1.0,0.8223304901235028,instance,informative
1,0.025000000000000022,0.2,0.2329749103942652,0.2857142857142857,0.4002165638186159,0.0,0.46183392970005277,0.9993769470404984,1.0,1.0465052900769278,instance,informative
1,0.10236220472440949,0.0,0.2436781609195402,0.8928571428571429,0.39140456923422073,0.0,0.447191060278342,0.9962616822429906,1.0,0.6889751587222128,instance,informative
1,0.1779279279279279,0.2,0.5272727272727273,0.6071428571428571,0.4902755633179755,0.0,0.46367747727562925,0.9993769470404984,1.0,0.19099932845060752,instance,informative
1,0.11016949152542366,0.0,0.2436781609195402,0.35714285714285715,0.3674323401622561,0.0,0.4885493397929639,0.9981308411214953,1.0,0.11225491695936804,instance,informative
1,0.1339285714285714,0.2,0.16666666666666663,0.8214285714285714,0.3493319573575616,0.25,0.4925697677221984,0.9996884735202493,1.0,0.9093683288694986,instance,informative
1,0.12872628726287272,0.0,0.2436781609195402,0.8928571428571429,0.17290989504830934,0.0,0.47788797255117776,0.9978193146417446,1.0,1.1835445808086802,instance,informative
1,0.1690647482014389,0.2,0.18727272727272726,0.75,0.2286728255362146,0.0,0.4938279794255802,0.9996884735202493,1.0,0.1791398184407484,instance,informative
1,0.2240740740740741,0.0,0.16666666666666663,0.7857142857142857,0.3853040965066641,0.0,0.4573354545336017,0.9962616822429906,1.0,0.12450058700627431,instance,informative
0,0.6461538461538461,1.0,0.24637681159420288,0.5714285714285714,0.8521188719137669,1.0,0.532478117869646,1.0,1.0,-0.9052920575009035,instance,informative
0,0.8022988505747126,1.0,0.7563218390804598,0.39285714285714285,0.8405995921440185,1.0,0.5536186908684202,1.0,1.0,-1.039045244228381,instance,informative
1,0.03749999999999998,0.4,0.18727272727272726,0.75,0.15867914843400266,1.0,0.5013224960095918,1.0,1.0,1.4223315875744407,instance,informative
1,0.09770114942528729,0.2,0.18727272727272726,0.7142857142857143,0.17253186674721788,0.3333333333333333,0.5069111126705835,1.0,1.0,1.2143452856942825,instance,informative
1,0.3879310344827587,0.2,0.18727272727272726,0.6071428571428571,0.38673674846489503,0.0,0.44983313751253073,0.9990654205607477,1.0,0.2940680505148834,instance,informative
1,0.19480519480519476,0.6,0.7536231884057971,0.5357142857142857,0.4477356589072433,0.625,0.5038947092508816,1.0,1.0,0.5218210522487197,instance,informative
1,0.17462422634836428,0.2,0.18727272727272726,0.6428571428571429,0.21402308258015063,0.0,0.47651429601857853,0.9987538940809969,1.0,0.7198061576500201,instance,informative
0,0.6666666666666667,0.8,0.8127272727272727,0.42857142857142855,0.7785924140473437,1.0,0.5012419910343549,1.0,1.0,-0.7395150856446697,instance,informative
1,0.15476190476190477,0.0,0.16666666666666663,0.7857142857142857,0.36137019496486367,0.0,0.4779262741262741,0.9984423676012462,1.0,0.4992912068460133,instance,informative
1,0.37058823529411766,0.2,0.2670454545454546,0.5357142857142857,0.3847123186578386,0.0,0.43941080323095383,0.9990654205607477,1.0,1.211533029133861,instance,informative
1,0.08333333333333326,0.2,0.18727272727272726,0.6428571428571429,0.15578439305469455,0.0,0.49424896770330007,0.9990654205607477,1.0,1.0013117839487087,instance,informative
0,0.7559523809523809,0.4,0.8127272727272727,0.5714285714285714,0.7967731759357859,0.0,0.4862095135218505,0.9988814317673378,1.0,-1.0390338013051004,instance,informative
1,0.08836206896551724,0.2,0.2329749103942652,0.2857142857142857,0.23921445334598085,0.0,0.49356320116017816,0.9993769470404984,1.0,1.3613384342145833,instance,informative
1,0.11956521739130432,0.0,0.36363636363636365,0.4642857142857143,0.4724603713008975,0.0,0.4897013438676737,0.9984423676012462,1.0,0.3287707151306218,instance,informative
1,0.0714285714285714,0.0,0.2329749103942652,0.6785714285714286,0.17373617841162892,0.0,0.46397828505522654,0.9962616822429906,1.0,1.0340678325024042,instance,informative
1,0.07758620689655171,0.2,0.5714285714285714,0.39285714285714285,0.45224153928333066,0.0,0.4770854858997441,0.9990654205607477,1.0,0.44556628391152286,instance,informative
1,0.28205128205128205,0.4,0.326797385620915,0.5357142857142857,0.34179985664409507,1.0,0.5050745288278753,1.0,1.0,0.28317354535108963,instance,informative
0,0.6722222222222223,0.6,0.21590909090909094,0.32142857142857145,0.620631408065357,1.0,0.5002494539644305,1.0,1.0,-0.020320293857995216,instance,informative
0,0.6145124716553289,1.0,0.5763546798029557,0.6785714285714286,0.7650042857225045,1.0,0.536640378457808,1.0,1.0,-0.8066172968744972,instance,informative
0,0.8022988505747126,0.8,0.4727272727272728,0.5714285714285714,0.6867878489808187,1.0,0.5263413021980565,1.0,1.0,-0.7181502729802541,instance,informative
1,0.16161616161616155,0.0,0.326797385620915,0.5714285714285714,0.41479158699659224,0.0,0.48334866736617577,0.9984423676012462,1.0,0.8028211410601132,instance,informative
1,0.19615384615384612,0.0,0.4236453201970444,0.4642857142857143,0.15594213626996706,0.0,0.47586968501122684,0.9978193146417446,1.0,0.8129636459084352,instance,informative
0,0.8624772313296903,1.0,0.5111111111111111,0.6071428571428571,0.664613050936064,1.0,0.5238508520338201,1.0,1.0,-0.5212343060242971,instance,informative
1,0.13752276867030966,0.2,0.2436781609195402,0.8928571428571429,0.23111759531863268,0.0,0.4920106468273927,0.9996884735202493,1.0,1.4861930768269076,instance,informative
1,0.08836206896551724,0.0,0.2329749103942652,0.35714285714285715,0.22506994809552233,0.3333333333333333,0.4781271222168183,0.9984423676012462,1.0,0.8771086591563119,instance,informative
1,0.07758620689655171,0.0,0.2329749103942652,0.2857142857142857,0.13547325720514392,0.0,0.43325057915943044,0.994392523364486,1.0,0.9285459922621198,instance,informative
1,0.19615384615384612,0.2,0.2670454545454546,0.6071428571428571,0.21074108166133343,0.0,0.4653396665372118,0.9990654205607477,1.0,0.9151249493745843,instance,informative
1,0.1333333333333333,0.2,0.2670454545454546,0.7857142857142857,0.1455144886865175,0.0,0.46565508430536695,0.9993769470404984,1.0,0.7708139697589323,instance,informative
1,0.0,0.2,0.5714285714285714,0.39285714285714285,0.13895748636009486,0.0,0.49210388092405544,0.9996884735202493,1.0,0.7093268716413518,instance,informative
1,0.07407407407407407,0.0,0.18974358974358974,0.6071428571428571,0.16459359621587977,0.5,0.45816335295988964,0.9984423676012462,1.0,0.8610799005898143,instance,informative
1,0.27717391304347827,0.2,0.2670454545454546,0.75,0.1531946995487744,0.0,0.48804417198628425,0.9996884735202493,1.0,1.0031977620443344,instance,informative
1,0.16963190184049082,0.2,0.39682539682539686,0.39285714285714285,0.35629255673243454,0.0,0.4739954142981607,0.9990654205607477,0.975,0.4137493502905657,instance,informative
1,0.31084337349397595,0.4,0.2436781609195402,0.5357142857142857,0.1337166091711417,0.5,0.4923959285936398,0.9993769470404984,1.0,0.35261492352305895,instance,informative
1,0.42500000000000004,0.8,0.2670454545454546,0.42857142857142855,0.2981302116059397,1.0,0.5450103054104704,1.0,1.0,0.010182493804821016,instance,informative
1,0.11604774535809015,0.4,0.5272727272727273,0.5714285714285714,0.18293655079430726,0.25,0.4799044798487502,0.9996884735202493,1.0,0.39266228767370653,instance,informative
1,0.0,0.0,0.16666666666666663,0.7857142857142857,0.25790328711648824,0.0,0.47559933086112427,0.9959501557632399,1.0,1.0088541153955874,instance,informative
1,0.17026578073089704,0.0,0.18727272727272726,0.6071428571428571,0.1768689548029812,0.0,0.48513211842013537,0.9978193146417446,1.0,1.0597695138935477,instance,informative
0,0.735632183908046,1.0,0.7563218390804598,0.39285714285714285,0.8180851974722433,1.0,0.5314738366163281,1.0,1.0,-0.4707025231751561,instance,informative
1,0.0957446808510638,0.0,0.18727272727272726,0.5,0.4257357281828451,0.0,0.4692015166055161,0.9950155763239875,1.0,1.1113440452101266,instance,informative
1,0.07480314960629919,0.0,0.18727272727272726,0.8214285714285714,0.13146312632825669,0.0,0.47645959340591626,0.9984423676012462,1.0,1.25706097362267,instance,informative
0,0.5679347826086957,0.8,0.7670250896057348,0.5,0.8428921707066042,1.0,0.54853273727242,1.0,1.0,-1.305088680621937,instance,informative
1,0.26241134751773054,0.0,0.2670454545454546,0.4642857142857143,0.18721111238024257,0.0,0.4582839207770312,0.9962616822429906,1.0,0.8470054604148449,instance,informative
1,0.17349726775956276,0.4,0.18974358974358974,0.6785714285714286,0.19922309979605063,0.0,0.4970259680596908,0.9996884735202493,1.0,1.0631135008874975,instance,informative
1,0.3992946708463949,0.2,0.2329749103942652,0.5714285714285714,0.4579316277867185,0.5,0.5004451906791743,1.0,1.0,-0.18875699783113697,instance,informative
1,0.21091644204851745,0.2,0.48888888888888893,0.4642857142857143,0.504296121459241,0.0,0.4586519519366602,0.9990654205607477,1.0,0.7168014181886843,instance,informative
1,0.18194600674915629,0.2,0.2436781609195402,0.5,0.30522482845165355,1.0,0.5042889476034795,1.0,1.0,0.9837677786533622,instance,informative
1,0.0714285714285714,0.2,0.6896551724137931,0.4642857142857143,0.33745485060310587,0.0,0.47040339781178986,0.9990654205607477,1.0,0.5484628547577751,instance,informative
1,0.15217391304347827,0.2,0.2436781609195402,1.0,0.17464278955928886,0.0,0.46499595720890285,0.9990654205607477,1.0,1.1822736472716233,instance,informative
1,0.2273622047244095,0.2,0.2436781609195402,0.42857142857142855,0.4691448496413151,0.36363636363636365,0.4992694393595569,0.9996884735202493,1.0,0.1580157990210364,instance,informative
1,0.3533333333333333,0.4,0.326797385620915,0.5,0.26823497950278696,0.0,0.4905022507138086,0.9996884735202493,1.0,0.9444511602903204,instance,informative
1,0.1964285714285714,0.0,0.2436781609195402,0.8928571428571429,0.31493048997455875,0.0,0.4677199175314596,0.9959501557632399,0.975,0.5166345140621764,instance,informative
1,0.09883720930232553,0.0,0.5272727272727273,0.6071428571428571,0.26160071592570555,0.0,0.49034747812856727,0.9981308411214953,1.0,0.7055156100722904,instance,informative
1,0.15000000000000002,0.2,0.2436781609195402,0.39285714285714285,0.2609961170789443,0.5,0.505500664070786,1.0,1.0,0.22752687579358913,instance,informative
1,0.1691297208538588,0.2,0.18727272727272726,0.7142857142857143,0.20708405965722798,0.5,0.49332778318222326,0.9996884735202493,1.0,0.857974004238855,instance,informative
1,0.10844155844155845,0.0,0.18974358974358974,0.5714285714285714,0.239514251423324,0.25,0.4744792363220395,0.9975077881619938,1.0,0.7245154610997532,instance,informative
0,0.6677215189873418,1.0,0.4285714285714286,0.42857142857142855,0.8121698447051453,1.0,0.5817486041233474,1.0,1.0,-1.05550149168126,instance,informative
1,0.3112781954887218,0.2,0.7719298245614035,0.42857142857142855,0.4917543173831268,0.0,0.4760570159840818,0.9987538940809969,1.0,0.429406024795136,instance,informative
1,0.1777777777777778,0.8,0.18727272727272726,0.7142857142857143,0.18930532568267566,0.5,0.5048676007472335,1.0,1.0,0.523039495418613,instance,informative
1,0.12025769506084472,0.2,0.18666666666666665,0.5,0.3089014914777616,0.0,0.4807737470298066,0.9987538940809969,1.0,0.5912507190637124,instance,informative
1,0.2582417582417582,0.4,0.864406779661017,0.17857142857142858,0.1280234595697619,0.5,0.5026797703625068,1.0,0.975,1.0937344746340953,instance,informative
1,0.25,0.4,0.6852791878172588,0.25,0.4239970316495859,0.0,0.48169791992187727,0.9990654205607477,1.0,0.5289762181557838,instance,informative
1,0.10999999999999999,0.2,0.2329749103942652,0.6785714285714286,0.20347898644380857,0.5,0.477476519944143,0.9996884735202493,1.0,0.42810369441929824,instance,informative
1,0.2227011494252873,0.2,0.2329749103942652,0.2857142857142857,0.16669738512414795,0.0,0.4862986240518773,0.9990654205607477,1.0,1.2198203425578587,instance,informative
1,0.07480314960629919,0.0,0.2436781609195402,0.39285714285714285,0.2496180469783752,0.0,0.46891978886244357,0.9975077881619938,1.0,0.8016559437850036,instance,informative
1,0.07777777777777772,0.0,0.2436781609195402,0.39285714285714285,0.15578277805669943,0.0,0.4786751735329118,0.9984423676012462,1.0,0.9255415500447176,instance,informative
1,0.1690647482014389,0.2,0.36363636363636365,0.32142857142857145,0.28712133055424394,0.0,0.4788816732406195,0.9987538940809969,1.0,0.7579995068447728,instance,informative
1,0.14642857142857146,0.0,0.2329749103942652,0.35714285714285715,0.2494900507473926,0.0,0.4727615673003073,0.9978193146417446,1.0,0.8261341021709061,instance,informative
0,0.8839522546419099,1.0,0.7329545454545454,0.6071428571428571,0.7814876249518012,1.0,0.5304914527032484,1.0,1.0,-0.5228117366024613,instance,informative
1,0.1964285714285714,0.0,0.2436781609195402,1.0,0.3234085394792999,0.3333333333333333,0.485883255471225,0.9984423676012462,1.0,0.6602234805428379,instance,informative
1,0.270440251572327,0.4,0.5714285714285714,0.4642857142857143,0.2306172243979132,0.0,0.4673475567873516,0.9993769470404984,1.0,0.1717233915358653,instance,informative
1,0.7494505494505495,0.2,0.7719298245614035,0.6428571428571429,0.6512438280015354,0.25,0.48298906535278063,0.9990654205607477,1.0,-0.2451753646768314,instance,informative
1,0.1671732522796353,0.0,0.2436781609195402,0.8928571428571429,0.17908447899733243,0.0,0.4658939437930003,0.9984423676012462,1.0,0.7278815023012768,instance,informative
1,0.13301282051282048,0.0,0.2436781609195402,0.6428571428571429,0.30611359115532233,0.0,0.4742601657807054,0.9975077881619938,1.0,0.5837621803324269,instance,informative
1,0.16842105263157903,0.0,0.4236453201970444,0.6428571428571429,0.3639942308319446,0.0,0.4656297919001914,0.9956386292834891,1.0,0.9435904182448216,instance,informative
1,0.18550368550368546,0.2,0.2670454545454546,0.7857142857142857,0.28619380736376643,1.0,0.5024562332696473,1.0,0.975,0.6341398558122908,instance,informative
1,0.1339285714285714,0.0,0.5714285714285714,0.5,0.22995198745225276,0.0,0.4525451136608052,0.9978193146417446,1.0,0.39131997549055175,instance,informative
1,0.33333333333333337,0.4,0.18727272727272726,0.6428571428571429,0.22532194756721646,0.0,0.49647698937032514,0.9996884735202493,1.0,0.9654394306387409,instance,informative
1,0.21091644204851745,0.4,0.2670454545454546,0.4642857142857143,0.48685540745544886,0.0,0.48349446192401657,0.9996884735202493,1.0,0.5330985002118932,instance,informative
1,0.19615384615384612,0.0,0.5272727272727273,0.4642857142857143,0.4901499514123413,0.0,0.4534769614298181,0.9984423676012462,1.0,0.17692631425824681,instance,informative
1,0.17349726775956276,0.0,0.2329749103942652,0.5357142857142857,0.2319161994444735,0.0,0.44738825726927167,0.9975077881619938,1.0,1.2158984487847693,instance,informative
1,0.03749999999999998,0.2,0.2329749103942652,0.5357142857142857,0.2560913746670477,0.0,0.48928713738207164,0.9990654205607477,1.0,0.14068270198642166,instance,informative
1,0.25,0.2,0.36363636363636365,0.4642857142857143,0.25238918767917806,0.0,0.47321353911903985,0.9987538940809969,1.0,0.5086423137771975,instance,informative
1,0.15476190476190477,0.6,0.18727272727272726,0.7142857142857143,0.14330608046242543,1.0,0.5075140822255219,1.0,1.0,1.2388895644323892,instance,informative
1,0.1777777777777778,0.2,0.16666666666666663,0.5357142857142857,0.2126479743134938,0.0,0.4944342603288079,0.9987538940809969,1.0,0.8539537589093602,instance,informative
1,0.21333333333333337,0.0,0.18727272727272726,0.7142857142857143,0.18895068515788316,0.0,0.46620804365520685,0.9968847352024922,1.0,1.0899892631649606,instance,informative
1,0.07499999999999996,0.2,0.2329749103942652,0.5357142857142857,0.16972333695474467,0.0,0.4900758057878474,0.9996884735202493,1.0,1.0622873769770071,instance,informative
1,0.11321721311475408,0.0,0.18727272727272726,0.7142857142857143,0.3157167686654533,0.0,0.4594569773137678,0.9984423676012462,1.0,1.0525392479825997,instance,informative
1,0.0901639344262295,0.2,0.16666666666666663,0.7857142857142857,0.36259670136345323,0.0,0.46734878343159225,0.9987538940809969,0.975,0.6617098367162693,instance,informative
1,0.125,0.0,0.6852791878172588,0.25,0.2623698061974687,0.0,0.42287055973680276,0.9953271028037384,1.0,0.5262718105957406,instance,informative
0,0.6880781089414183,0.8,0.8102564102564103,0.6785714285714286,0.7539781179642746,0.6666666666666666,0.5087036479083955,1.0,1.0,-0.62729772259015,instance,informative
1,0.10236220472440949,0.2,0.2436781609195402,0.9285714285714286,0.5005632952825226,0.0,0.4721305022779011,0.9993769470404984,1.0,0.4892977386481889,instance,informative
0,0.630050505050505,0.6,0.7329545454545454,0.75,0.7688127813396245,1.0,0.5283551673339935,1.0,1.0,-1.0966831471080873,instance,informative
1,0.045454545454545414,0.0,0.18727272727272726,0.6071428571428571,0.2272706592484255,0.0,0.4755300821700583,0.9978193146417446,1.0,0.9963149859756424,instance,informative
1,0.24894514767932496,0.2,0.2436781609195402,0.8928571428571429,0.18311603540408922,0.0,0.4320596335801875,0.9990654205607477,1.0,1.0799162652421985,instance,informative
1,0.04477611940298509,0.2,0.2436781609195402,0.5,0.27620377226652415,0.0,0.49346447106550306,0.9987538940809969,1.0,0.3760092084577038,instance,informative
1,0.20752628666297723,0.0,0.2670454545454546,0.6071428571428571,0.17353474137566638,0.0,0.47496624407160315,0.9981308411214953,1.0,0.6222416669671423,instance,informative
1,0.17142857142857149,0.2,0.18974358974358974,0.6785714285714286,0.4676454956466878,0.0,0.4808809509118992,0.9990654205607477,1.0,0.08886814400109297,instance,informative
1,0.19655497876356764,0.2,0.2436781609195402,0.39285714285714285,0.6960595117999757,0.0,0.4892368915947112,0.9990654205607477,1.0,-0.4927456311580033,instance,informative
1,0.21906474820143884,0.0,0.2436781609195402,0.39285714285714285,0.45442021543066236,0.0,0.46321533548393845,0.9953271028037384,1.0,0.6254599058877,instance,informative
1,0.07317073170731714,0.4,0.25,0.17857142857142858,0.52684435245622,0.0,0.45145089575750297,0.9996884735202493,1.0,0.11219010709742738,instance,informative
1,0.11538461538461542,0.4,0.2670454545454546,0.6071428571428571,0.19565246845032114,1.0,0.50799930433856,1.0,1.0,1.3780701104004638,instance,informative
1,0.33573141486810554,0.2,0.2670454545454546,0.5357142857142857,0.22472046939129459,0.2,0.5243023203372934,1.0,1.0,0.5419567979199694,instance,informative
1,0.09770114942528729,0.2,0.18727272727272726,0.5357142857142857,0.16485125821785657,1.0,0.5009632853365007,1.0,1.0,1.0490334488809427,instance,informative
1,0.025000000000000022,0.4,0.36363636363636365,0.35714285714285715,0.16805689820242692,0.0,0.49634323443550166,0.9993769470404984,1.0,1.2369167876060776,instance,informative
0,0.6666666666666667,0.6,0.6363636363636364,0.39285714285714285,0.6725896459169952,0.6666666666666666,0.5071380084115947,1.0,1.0,-0.8560584183930465,instance,informative
1,0.16666666666666674,0.2,0.7840909090909091,0.14285714285714285,0.15811628681820328,0.0,0.49335696782421223,0.9993769470404984,1.0,0.5824659582071408,instance,informative
1,0.2401372212692967,0.4,0.2436781609195402,1.0,0.19135481893752343,0.5,0.50673922056487,1.0,1.0,0.846761524017858,instance,informative
1,0.07971014492753625,0.0,0.18974358974358974,0.7142857142857143,0.16733046054493794,0.0,0.4713016312124144,0.9978193146417446,1.0,0.8601055663596159,instance,informative
1,0.0,0.0,0.2329749103942652,0.2857142857142857,0.15036709279298555,0.0,0.4762083996813674,0.997196261682243,1.0,0.4033322021003899,instance,informative
1,0.07480314960629919,0.0,0.39682539682539686,0.4642857142857143,0.20006328084884534,0.0,0.4704346721356212,0.9984423676012462,1.0,1.050556618777738,instance,informative
1,0.21333333333333337,0.2,0.18727272727272726,0.7142857142857143,0.21664816226158734,0.0,0.47001074112947383,0.9990654205607477,1.0,1.3071833511532278,instance,informative
1,0.09883720930232553,0.0,0.2670454545454546,0.7857142857142857,0.22056212371919803,0.0,0.48384380394812043,0.9968847352024922,1.0,1.1832496190222348,instance,informative
1,0.09558823529411764,0.4,0.2436781609195402,0.8928571428571429,0.32197616599914347,0.0,0.4647798311219272,0.9993769470404984,1.0,0.8165554995695882,instance,informative
1,0.04477611940298509,0.0,0.2670454545454546,0.7857142857142857,0.1985425145348908,0.0,0.4610061491030819,0.9947040498442368,1.0,0.8448035629574994,instance,informative
1,0.0957446808510638,0.6,0.2670454545454546,0.7857142857142857,0.2466925626142551,1.0,0.5069960579815362,1.0,1.0,0.46067013500769866,instance,informative
0,0.6722222222222223,0.8,0.673202614379085,0.6071428571428571,0.4682107908076715,1.0,0.5064604670760993,1.0,1.0,-0.5275850096704525,instance,informative
1,0.23934426229508188,0.0,0.6852791878172588,0.25,0.5288381065619742,0.0,0.46410755804213477,0.9968847352024922,0.975,0.9734492286344755,instance,informative
1,0.0,0.2,0.2670454545454546,0.4642857142857143,0.2625026529905984,0.0,0.49815809128626476,0.9993769470404984,1.0,0.9936419422667234,instance,informative
1,0.025862068965517238,0.0,0.2436781609195402,1.0,0.1632479007443312,0.0,0.45301489313177856,0.994392523364486,1.0,1.1251602046749085,instance,informative
1,0.275,0.2,0.2329749103942652,0.35714285714285715,0.17827068802093243,0.0,0.49398087998797524,0.9996884735202493,1.0,0.5702589621971937,instance,informative
1,0.07499999999999996,0.2,0.2329749103942652,0.5357142857142857,0.27700406381547227,0.0,0.48318987530864943,0.9987538940809969,1.0,0.8459799581387655,instance,informative
1,0.0,0.0,0.4236453201970444,0.4642857142857143,0.1300145834035974,0.0,0.4622379876558774,0.9981308411214953,0.975,1.0491299884626653,instance,informative
1,0.19878787878787874,0.0,0.4236453201970444,0.4642857142857143,0.2299668093567912,0.0,0.48813148920397076,0.9953271028037384,1.0,0.49832693939675005,instance,informative
1,0.4190647482014389,0.0,0.36363636363636365,0.5,0.1781041314242181,0.0,0.4780456375957888,0.9965732087227415,1.0,0.5737426271966362,instance,informative
1,0.20752628666297723,0.2,0.326797385620915,0.5,0.39077153239129647,0.0,0.49189559151501394,0.9993769470404984,1.0,0.4603345760530305,instance,informative
1,0.21084337349397586,0.2,0.326797385620915,0.5357142857142857,0.4393522025604027,0.5,0.5252973208516534,1.0,1.0,-0.0788441611330557,instance,informative
1,0.07352941176470584,0.2,0.2329749103942652,0.6785714285714286,0.5094519899855392,0.0,0.48274395334462517,0.9996884735202493,1.0,0.45620482648269606,instance,informative
1,0.20752628666297723,0.0,0.2670454545454546,0.7857142857142857,0.305086981641962,0.0,0.4710745828744628,0.997196261682243,1.0,0.7796916642523952,instance,informative
1,0.09023066485753062,0.2,0.39682539682539686,0.4642857142857143,0.13971667216282224,0.0,0.419973970380897,0.9987538940809969,1.0,0.969456413061939,instance,informative
1,0.26436781609195403,0.0,0.2436781609195402,0.42857142857142855,0.2806301042083329,0.5,0.47204663357345533,0.9984423676012462,1.0,0.4463784632755193,instance,informative
1,0.06432360742705567,0.4,0.36363636363636365,0.5,0.3804635650577106,0.0,0.4750402737106578,0.9993769470404984,1.0,0.9961780667553343,instance,informative
1,0.08227848101265822,0.2,0.2670454545454546,0.75,0.4694509669792418,0.0,0.47129855807818477,0.9993769470404984,1.0,0.7829744790239209,instance,informative
1,0.2783333333333333,0.2,0.2670454545454546,0.7857142857142857,0.39099389818610886,0.0,0.490685065441852,0.9993769470404984,1.0,0.739934348507984,instance,informative
1,0.2116161616161616,0.4,0.326797385620915,0.5714285714285714,0.32434665172757926,0.3333333333333333,0.4978168110191583,0.9996884735202493,1.0,0.927335930077869,instance,informative
0,0.729559748427673,0.8,0.4727272727272728,0.5357142857142857,0.5185323888829424,0.875,0.5128474187748051,1.0,1.0,-0.0673172089928567,instance,informative
1,0.1964285714285714,0.0,0.4236453201970444,0.5357142857142857,0.20582162749324395,0.0,0.45823780626690847,0.9984423676012462,1.0,1.2559564830482302,instance,informative
1,0.09459459459459452,0.4,0.16666666666666663,0.7857142857142857,0.555192092406822,0.0,0.4911298312843755,0.9996884735202493,1.0,0.456478076098639,instance,informative
1,0.09340659340659341,0.2,0.2436781609195402,1.0,0.20249344452426055,0.5,0.4921155563340315,0.9996884735202493,1.0,0.7288070509891712,instance,informative
1,0.0901639344262295,0.2,0.2329749103942652,0.35714285714285715,0.2083533050325882,0.0,0.481987162072822,0.9987538940809969,1.0,0.2909168288541768,instance,informative
1,0.07758620689655171,0.2,0.2436781609195402,0.5,0.3030586480130111,0.0,0.4769420467819676,0.9990654205607477,1.0,1.4478273146809315,instance,informative
1,0.332391713747646,0.4,0.18727272727272726,0.7142857142857143,0.16629944353537535,0.25,0.490648166135373,0.9993769470404984,1.0,1.3670381858060434,instance,informative
1,0.23550724637681153,0.0,0.2670454545454546,0.6071428571428571,0.530869649400549,0.0,0.4488503758809619,0.9981308411214953,1.0,0.6250449134260734,instance,informative
0,0.8083333333333333,0.8,0.7670250896057348,0.32142857142857145,0.746666674344957,1.0,0.5220994218016184,1.0,1.0,-0.910392125864604,instance,informative
0,0.8042553191489361,1.0,0.7670250896057348,0.6071428571428571,0.7346974293461082,1.0,0.5332243113291011,1.0,1.0,-1.1752376451978233,instance,informative
1,0.18710691823899372,0.0,0.18974358974358974,0.5357142857142857,0.24178992306431912,0.0,0.4553729197267906,0.9965732087227415,1.0,0.5291344343704125,instance,informative
1,0.20833333333333326,0.2,0.16666666666666663,0.7857142857142857,0.5523326104922135,0.5,0.5231139823711466,1.0,1.0,1.0789896682647286,instance,informative
1,0.26344086021505375,0.0,0.2670454545454546,0.5357142857142857,0.1794669671999517,0.0,0.4792109061330886,0.9968847352024922,1.0,0.8920250555284923,instance,informative
1,0.04477611940298509,0.0,0.16666666666666663,0.7857142857142857,0.5377365522587776,0.0,0.4583488235374932,0.9965732087227415,1.0,0.7163900283275512,instance,informative
1,0.17462422634836428,0.4,0.18727272727272726,0.7142857142857143,0.3056900627161413,0.0,0.4697602262608711,0.9990654205607477,1.0,0.5286744446295077,instance,informative
1,0.07777777777777772,0.2,0.18666666666666665,0.5,0.2692611469707963,0.0,0.49229512134772835,0.9993769470404984,1.0,0.6649797569612844,instance,informative
1,0.20727848101265822,0.2,0.18666666666666665,0.5,0.21987665785079225,0.0,0.46135668125117335,0.9996884735202493,1.0,0.9163635801348189,instance,informative
1,0.2047619047619048,0.2,0.2436781609195402,0.8928571428571429,0.42066129025759214,0.5,0.5169449238561986,1.0,1.0,0.329167884067998,instance,informative
1,0.20752628666297723,0.2,0.16666666666666663,0.7857142857142857,0.4625481357560396,0.0,0.4996765272000555,0.9996884735202493,1.0,0.3703713873275053,instance,informative
0,0.0,0.6,0.8333333333333334,0.5,0.6381857847282778,1.0,0.5467195676462395,1.0,1.0,-0.7202952762257625,instance,informative
1,0.338265306122449,0.0,0.36363636363636365,0.5,0.23432493551853445,0.0,0.47501050880192497,0.9984423676012462,1.0,1.0900422348545304,instance,informative
1,0.0714285714285714,0.0,0.2670454545454546,0.7857142857142857,0.23486241529651986,0.0,0.4605465891466418,0.9968847352024922,1.0,0.15076079672023712,instance,informative
1,0.22619047619047616,0.4,0.18727272727272726,0.7142857142857143,0.15011205582353254,0.0,0.4984847475540646,0.9993769470404984,1.0,0.9227569267458564,instance,informative
0,0.7137014314928425,1.0,0.7563218390804598,0.5357142857142857,0.6449120808995392,1.0,0.5124384922591603,1.0,1.0,-0.5177689522444928,instance,informative
1,0.256656346749226,0.0,0.18974358974358974,0.6071428571428571,0.31743534387566247,0.0,0.48062006150573633,0.9981308411214953,1.0,1.0214412457740596,instance,informative
1,0.17142857142857149,0.0,0.18974358974358974,0.5357142857142857,0.2161896263590828,0.23076923076923078,0.45426850288244236,0.9984423676012462,1.0,0.6344592409533454,instance,informative
1,0.20296523517382403,0.2,0.6852791878172588,0.39285714285714285,0.40957021517055026,1.0,0.50439176176759,1.0,1.0,0.31541875217034604,instance,informative
1,0.17480314960629917,0.0,0.18727272727272726,0.75,0.15609180735265638,0.0,0.4743187935275385,0.9981308411214953,1.0,0.4785936558260381,instance,informative
1,0.21326530612244898,0.0,0.2670454545454546,0.7857142857142857,0.23294930097185734,0.16666666666666666,0.444257046242435,0.9968847352024922,1.0,0.9335761985879361,instance,informative
1,0.14574468085106385,0.0,0.2436781609195402,0.8928571428571429,0.4118090208999506,0.0,0.47287048188538394,0.9984423676012462,1.0,0.41554666737912654,instance,informative
1,0.33333333333333337,0.2,0.2436781609195402,0.35714285714285715,0.27788598894409067,0.16666666666666666,0.48007274097636154,0.9990654205607477,1.0,0.9253428412597101,instance,informative
1,0.12810945273631846,0.4,0.2670454545454546,0.6071428571428571,0.3095554017217509,0.14285714285714285,0.45393426184592656,0.9990654205607477,1.0,0.6241321479709435,instance,informative
1,0.1690647482014389,0.0,0.18727272727272726,0.7142857142857143,0.19494232243782694,0.0,0.45317844890873205,0.9984423676012462,1.0,0.8151367453851489,instance,informative
0,0.8625,0.8,0.7563218390804598,0.5357142857142857,0.8154062284064111,1.0,0.506715520933964,1.0,1.0,-0.8077446749108198,instance,informative
0,0.7916666666666667,0.6,0.8102564102564103,0.5357142857142857,0.8477531039312529,1.0,0.5127937788030257,1.0,0.975,-1.071145081138719,instance,informative
0,0.8177215189873418,0.6,0.24637681159420288,0.5,0.7615988874072741,1.0,0.5076593876117932,1.0,1.0,-0.42674379039558946,instance,informative
1,0.21906474820143884,0.2,0.2436781609195402,0.8928571428571429,0.20195776845590807,0.0,0.48830350533603406,0.9987538940809969,1.0,0.27718567754312756,instance,informative
1,0.26241134751773054,0.0,0.2329749103942652,0.5357142857142857,0.25709687805438886,0.0,0.45722106354838343,0.9931464174454828,1.0,0.10404306603871599,instance,informative
0,0.729559748427673,0.4,0.5111111111111111,0.5,0.7405055210176044,0.6,0.4987485392415315,0.9994407158836689,1.0,-1.0144972023313064,instance,informative
0,0.5705128205128205,0.8,0.673202614379085,0.5357142857142857,0.7655682518781598,1.0,0.5216263407600163,1.0,1.0,-1.3232581441790188,instance,informative
1,0.360843373493976,0.0,0.2670454545454546,0.7857142857142857,0.3886289671551558,0.0,0.46201353638571496,0.9984423676012462,1.0,0.32597528002697684,instance,informative
1,0.2401372212692967,0.2,0.2436781609195402,0.8928571428571429,0.32125352643645577,0.0,0.48732973817041525,0.9993769470404984,1.0,0.746155613556546,instance,informative
0,0.6971153846153846,0.8,0.8127272727272727,0.6071428571428571,0.8445727618889441,0.0,0.4690391040555366,0.9994407158836689,1.0,-1.0792651697921232,instance,informative
1,0.11538461538461542,0.0,0.18727272727272726,0.6071428571428571,0.15136105184032106,0.0,0.46745181644732403,0.9968847352024922,1.0,0.8878407664395501,instance,informative
1,0.338265306122449,0.4,0.2670454545454546,0.75,0.4100529633734582,0.6666666666666666,0.49238391540122006,0.9996884735202493,1.0,0.2922953824499569,instance,informative
1,0.23844537815126055,0.0,0.16666666666666663,0.7857142857142857,0.3155281681307961,0.0,0.4616444359328875,0.9984423676012462,1.0,1.0026002620210026,instance,informative
1,0.3434343434343434,0.2,0.6852791878172588,0.25,0.49583067550661164,0.0,0.49506926086850134,0.9990654205607477,1.0,0.8607463045922997,instance,informative
1,0.09883720930232553,0.0,0.2436781609195402,0.5357142857142857,0.5382261935001899,0.0,0.48658915778854506,0.9968847352024922,1.0,0.5996305296005735,instance,informative
1,0.09023066485753062,0.0,0.2670454545454546,0.75,0.20946656492674515,0.0,0.472273716683401,0.9984423676012462,1.0,1.0342326483476734,instance,informative
0,0.44666666666666666,0.6,0.673202614379085,0.6071428571428571,0.47169003708046164,0.5,0.4991986839055349,0.9994407158836689,1.0,-0.494333928712761,instance,informative
1,0.045454545454545414,0.0,0.36363636363636365,0.32142857142857145,0.1798706603054659,0.0,0.4622703515721015,0.9975077881619938,1.0,1.2157389678025712,instance,informative
1,0.2862985685071575,0.0,0.2670454545454546,0.42857142857142855,0.22613370490765472,0.0,0.48663365000905856,0.9984423676012462,1.0,0.890687006762582,instance,informative
1,0.26436781609195403,0.0,0.2436781609195402,0.42857142857142855,0.32049857270299753,0.3,0.4355189223826783,0.9984423676012462,1.0,0.4516031241403592,instance,informative
0,0.6461538461538461,1.0,0.31034482758620685,0.42857142857142855,0.7843056365398783,1.0,0.527345215884347,1.0,0.975,-0.4367508299164596,instance,informative
0,0.6661490683229814,0.8,0.8102564102564103,0.5714285714285714,0.7624481521361152,1.0,0.5180400341173732,1.0,1.0,-0.8142475984383319,instance,informative
0,0.673155737704918,0.6,0.6363636363636364,0.39285714285714285,0.47052951007008514,1.0,0.5014318223969362,1.0,1.0,-0.2790516383856801,instance,informative
1,0.5,0.2,0.36363636363636365,0.32142857142857145,0.15667375632128888,1.0,0.5574094348792662,1.0,0.975,0.5958874840311539,instance,informative
0,0.8831168831168831,1.0,0.7563218390804598,0.39285714285714285,0.7762986373441869,1.0,0.5235428254094457,1.0,1.0,-0.8010847852402887,instance,informative
0,0.8580586080586081,0.8,0.31472081218274117,0.39285714285714285,0.5354640866959145,1.0,0.5058745441540916,1.0,1.0,-0.5076370515468872,instance,informative
1,0.19480519480519476,0.0,0.18727272727272726,0.7142857142857143,0.21613930972667533,0.0,0.44540158876824887,0.9975077881619938,1.0,0.33358406604731594,instance,informative
1,0.3205128205128205,0.0,0.36363636363636365,0.35714285714285715,0.34147738594424826,0.0,0.4818185324312523,0.9981308411214953,1.0,0.5248536937984662,instance,informative
1,0.0,0.4,0.2329749103942652,0.6785714285714286,0.20068987990045706,1.0,0.5199289580727866,1.0,0.975,0.6471211912064705,instance,informative
1,0.35557299843014123,0.4,0.16666666666666663,0.7857142857142857,0.220912152836014,0.3333333333333333,0.5122581848000898,1.0,1.0,0.8039806663789749,instance,informative
1,0.20685579196217496,0.4,0.5272727272727273,0.6071428571428571,0.5864368279480372,1.0,0.5099511553666339,1.0,1.0,0.43089004079879334,instance,informative
0,0.7885572139303483,0.6,0.22807017543859653,0.42857142857142855,0.7088320300242484,0.0,0.49409657274678664,0.9994407158836689,1.0,-0.9417523677469496,instance,informative
1,0.05769230769230771,0.0,0.18727272727272726,0.75,0.14135823369074263,0.0,0.46406696932751257,0.9984423676012462,1.0,1.279047137819919,instance,informative
1,0.06432360742705567,0.2,0.4236453201970444,0.6428571428571429,0.29784433775289265,0.4,0.49547325863257363,0.9993769470404984,1.0,1.1443879517316915,instance,informative
1,0.11963190184049077,0.2,0.2329749103942652,0.6785714285714286,0.2733574257443392,0.0,0.4652046251555747,0.9987538940809969,1.0,1.1405056697813498,instance,informative
1,0.36906474820143886,0.2,0.2436781609195402,0.42857142857142855,0.19078053766202702,0.0,0.46637458319645453,0.9987538940809969,1.0,1.1767928904819454,instance,informative
1,0.15476190476190477,0.0,0.6852791878172588,0.4642857142857143,0.42682230740500837,0.0,0.4840708801754554,0.9981308411214953,1.0,0.5238990071800902,instance,informative
1,0.18154761904761907,0.0,0.36363636363636365,0.35714285714285715,0.3634478512225352,0.0,0.42190397418637837,0.9984423676012462,1.0,1.1618813207116547,instance,informative
1,0.07777777777777772,0.0,0.2670454545454546,0.4642857142857143,0.1728189871300564,0.0,0.4706117628450337,0.9953271028037384,1.0,0.3274387376668609,instance,informative
1,0.2890888638920135,0.4,0.2436781609195402,0.6428571428571429,0.1539673790337358,0.4,0.4038064540600076,0.9990654205607477,1.0,1.2479901395790929,instance,informative
1,0.0,0.2,0.2436781609195402,0.39285714285714285,0.14978465508044714,0.0,0.4749080575523522,0.9987538940809969,0.975,1.0275360854641702,instance,informative
1,0.07480314960629919,0.2,0.18727272727272726,0.75,0.1442045006209156,1.0,0.5122035244236696,1.0,0.975,0.3787589438458189,instance,informative
1,0.07352941176470584,0.4,0.2436781609195402,1.0,0.18616304217043728,0.5,0.50225663179397,1.0,1.0,1.214602825882974,instance,informative
1,0.15217391304347827,0.0,0.2436781609195402,0.39285714285714285,0.23892449696012247,0.0,0.4265798498843687,0.9975077881619938,1.0,1.0167065914635887,instance,informative
0,0.7266566265060241,0.8,0.673202614379085,0.6071428571428571,0.7959077923745784,1.0,0.5344020290511451,1.0,1.0,-0.6396160344502417,instance,informative
1,0.050000000000000044,0.0,0.4236453201970444,0.4642857142857143,0.14702016975511978,0.0,0.4376366475292792,0.9940809968847352,1.0,1.4530252524498763,instance,informative
1,0.21904761904761905,0.0,0.5272727272727273,0.6071428571428571,0.22803245455506005,0.2857142857142857,0.48021251733449366,0.9984423676012462,1.0,0.7162306579303017,instance,informative
1,0.15000000000000002,0.0,0.18727272727272726,0.5,0.23195142748333214,0.0,0.4740391057090827,0.997196261682243,1.0,0.6122746419782639,instance,informative
0,0.8034450212364322,1.0,0.7329545454545454,0.42857142857142855,0.6382573991855576,1.0,0.5414834468522212,1.0,1.0,-0.8528827612298265,instance,informative
1,0.34632034632034636,0.0,0.18727272727272726,0.6071428571428571,0.38606246049870396,0.0,0.4700880343215146,0.9975077881619938,1.0,1.306088902274905,instance,informative
0,0.8660714285714286,1.0,0.7670250896057348,0.32142857142857145,0.7394911434430468,1.0,0.538580130164281,1.0,1.0,-1.471213690151525,instance,informative
1,0.025862068965517238,0.0,0.2329749103942652,0.35714285714285715,0.3830858469725825,0.0,0.45357860679194917,0.9984423676012462,1.0,0.2593220850336673,instance,informative
1,0.05844155844155852,0.0,0.2436781609195402,0.8928571428571429,0.22489748090366046,0.0,0.4691838334786277,0.9965732087227415,1.0,1.4142884063722574,instance,informative
1,0.275,0.2,0.16666666666666663,0.7857142857142857,0.23715153416420814,0.0,0.47817458273621327,0.9993769470404984,1.0,0.19818437730579802,instance,informative
0,0.5273224043715847,0.8,0.7329545454545454,0.42857142857142855,0.587106486360975,1.0,0.5101296293314375,1.0,1.0,-0.2591243618134949,instance,informative
1,0.21717171717171713,0.2,0.36363636363636365,0.32142857142857145,0.22997467525012844,0.0,0.479271726542014,0.9987538940809969,1.0,0.7601261187257102,instance,informative
1,0.124074074074074,0.0,0.2670454545454546,0.6071428571428571,0.31807335890355937,0.0,0.47069745694594145,0.997196261682243,1.0,0.937848739705278,instance,informative
1,0.07480314960629919,0.2,0.18727272727272726,0.75,0.19024083397397645,0.0,0.47627569246229706,0.9993769470404984,1.0,0.49068023189527277,instance,informative
1,0.11956521739130432,0.0,0.18974358974358974,0.6785714285714286,0.44443648244620537,0.0,0.43706611865115774,0.991588785046729,1.0,0.6587047192254969,instance,informative
1,0.1779279279279279,0.0,0.36363636363636365,0.35714285714285715,0.22337602137507073,0.0,0.49373759057035416,0.9984423676012462,1.0,0.7556661343341046,instance,informative
1,0.34632034632034636,0.4,0.18727272727272726,0.7142857142857143,0.2512047349292584,0.0,0.4821020137807277,0.9993769470404984,1.0,0.9897613295867471,instance,informative
1,0.3666666666666667,0.2,0.2329749103942652,0.5714285714285714,0.1773202008515643,1.0,0.513018186972768,1.0,1.0,1.363539978096132,instance,informative
1,0.19327129563350032,0.2,0.2436781609195402,0.9285714285714286,0.2697776576102333,0.5,0.4888871275891109,0.9990654205607477,1.0,0.5463403142567888,instance,informative
1,0.05844155844155852,0.2,0.7840909090909091,0.10714285714285714,0.44540023290806,0.0,0.4792218907359981,0.9987538940809969,1.0,0.4631325646514027,instance,informative
1,0.0,0.0,0.2670454545454546,0.7857142857142857,0.12489413810685451,0.0,0.4665077867717726,0.9959501557632399,0.975,0.7304315278188589,instance,informative
1,0.10999999999999999,0.2,0.2329749103942652,0.6785714285714286,0.27463277568681566,0.0,0.4491788677062052,0.9993769470404984,1.0,0.5280790949444443,instance,informative
1,0.1822784810126582,0.0,0.18727272727272726,0.7142857142857143,0.19547725128419385,0.0,0.4696295710715984,0.9975077881619938,1.0,0.6605283125992957,instance,informative
1,0.14027777777777772,0.0,0.2670454545454546,0.7857142857142857,0.18047420462623914,0.0,0.47093392681009316,0.9984423676012462,1.0,1.033708526488955,instance,informative
1,0.17480314960629917,0.2,0.39682539682539686,0.4642857142857143,0.19754229593267308,0.2,0.48959188540386067,0.9990654205607477,1.0,0.9294820100060852,instance,informative
1,0.24285714285714288,0.2,0.2436781609195402,0.39285714285714285,0.5456215084756492,1.0,0.5021195385550006,1.0,1.0,-0.3161992262811555,instance,informative
1,0.13183060109289624,0.0,0.18974358974358974,0.6785714285714286,0.42929454502307124,0.0,0.4726169133214193,0.9956386292834891,1.0,0.23038347259877218,instance,informative
1,0.07777777777777772,0.4,0.2670454545454546,0.7857142857142857,0.20629711055682254,0.0,0.49916358105782155,0.9996884735202493,1.0,1.0324290818914514,instance,informative
0,0.8069216757741349,0.6,0.24637681159420288,0.5714285714285714,0.8013408171695148,1.0,0.5252530284502118,1.0,1.0,-1.110319650984716,instance,informative
1,0.08227848101265822,0.0,0.2670454545454546,0.5,0.3289445635590029,0.0,0.463351509983574,0.9968847352024922,1.0,0.49316757514509607,instance,informative
1,0.164983164983165,0.2,0.39682539682539686,0.39285714285714285,0.43945256783235376,0.0,0.45593130826012906,0.9996884735202493,1.0,1.118926541256649,instance,informative
1,0.22267759562841527,0.2,0.7536231884057971,0.35714285714285715,0.4086263785052273,0.0,0.4833934635935583,0.9996884735202493,1.0,0.8248546921676616,instance,informative
1,0.18194600674915629,0.4,0.18666666666666665,0.5,0.2054563157960117,0.0,0.48780290319957254,0.9996884735202493,1.0,0.75301624286235,instance,informative
1,0.16842105263157903,0.4,0.2670454545454546,0.7857142857142857,0.4032563747619896,0.0,0.4800346698240877,0.9993769470404984,1.0,0.26535155154056517,instance,informative
1,0.0714285714285714,0.2,0.18727272727272726,0.6428571428571429,0.3454732710675273,0.0,0.49855909576769974,0.9993769470404984,1.0,1.078415250924172,instance,informative
1,0.2862985685071575,0.0,0.2670454545454546,0.7857142857142857,0.3782692803598532,0.0,0.44106345284538484,0.9981308411214953,1.0,0.051300842284280196,instance,informative
0,0.7083333333333334,1.0,0.8127272727272727,0.6071428571428571,0.5722361391020913,1.0,0.5610234662978792,1.0,1.0,-0.917529855045111,instance,informative
1,0.19338959212376938,0.0,0.5714285714285714,0.39285714285714285,0.15709483480750863,0.0,0.4890382500659538,0.9984423676012462,1.0,0.45964032886916145,instance,informative
1,0.08227848101265822,0.0,0.2670454545454546,0.7857142857142857,0.26580512581110105,0.0,0.4565611039708488,0.9981308411214953,1.0,0.3862631516647908,instance,informative
0,0.9356763925729443,1.0,0.7670250896057348,0.39285714285714285,0.8013717358180059,1.0,0.5394571241708295,1.0,1.0,-1.061710168047246,instance,informative
1,0.275,0.4,0.36363636363636365,0.5,0.3709091050379948,0.0,0.47378616347750613,0.9996884735202493,1.0,0.17531355982922658,instance,informative
1,0.20296523517382403,0.2,0.2436781609195402,0.8928571428571429,0.31752170133133684,0.0,0.4720199518896234,0.9993769470404984,1.0,0.4970692713389856,instance,informative
1,0.11321721311475408,0.0,0.864406779661017,0.17857142857142858,0.6138676858259026,0.0,0.4377831976704022,0.9956386292834891,0.975,-0.15355718511074315,instance,informative
1,0.17948717948717952,0.0,0.2436781609195402,0.42857142857142855,0.21162946631742152,0.0,0.4570840927222004,0.9912772585669782,1.0,1.0602007303438052,instance,informative
1,0.17349726775956276,0.0,0.2436781609195402,0.39285714285714285,0.1477418807564872,0.0,0.48564616489076373,0.9975077881619938,1.0,0.5386666625068982,instance,informative
1,0.20296523517382403,0.4,0.2329749103942652,0.32142857142857145,0.1645311500870264,1.0,0.5223945822564653,1.0,0.975,0.5677218912171637,instance,informative
1,0.18253968253968256,0.2,0.2329749103942652,0.35714285714285715,0.34452258874696096,0.0,0.46915943954361616,0.9987538940809969,1.0,0.6230503787350076,instance,informative
0,0.798155737704918,1.0,0.7563218390804598,0.5357142857142857,0.4332179865319568,1.0,0.5228085603862824,1.0,1.0,-0.781337275870983,instance,informative
1,0.24425287356321834,0.4,0.4236453201970444,0.4642857142857143,0.16453203794526355,0.5,0.540948053070571,1.0,1.0,0.9871131581225402,instance,informative
1,0.09558823529411764,0.0,0.5272727272727273,0.4642857142857143,0.28470574462463905,0.0,0.46175198497769376,0.9968847352024922,1.0,0.7704435568660962,instance,informative
1,0.23550724637681153,0.2,0.18727272727272726,0.75,0.26602459721077487,0.5,0.48831623797382073,0.9996884735202493,1.0,0.8618378391868003,instance,informative
1,0.19999999999999996,0.0,0.4236453201970444,0.6428571428571429,0.4538317060628031,0.0,0.45438515897057075,0.9968847352024922,1.0,0.5737354349835883,instance,informative
1,0.10377358490566035,0.0,0.2436781609195402,0.9285714285714286,0.27288778925220125,0.0,0.45977236094794116,0.9959501557632399,1.0,0.7563058752250124,instance,informative
1,0.20788530465949817,0.2,0.2436781609195402,0.32142857142857145,0.37857411400382524,0.0,0.4949769065375451,0.9993769470404984,1.0,-0.041093332911738216,instance,informative
1,0.13183060109289624,0.0,0.2670454545454546,0.7142857142857143,0.3450384145348959,0.3333333333333333,0.4478415299585381,0.997196261682243,1.0,0.9768273285168739,instance,informative
1,0.14574468085106385,0.2,0.2436781609195402,0.5,0.27212216117809496,0.0,0.46744049166895285,0.9990654205607477,1.0,0.23214958628684224,instance,informative
1,0.338265306122449,0.2,0.2670454545454546,0.42857142857142855,0.18600216627598154,0.0,0.47352764427380145,0.9987538940809969,1.0,0.8735484473016739,instance,informative
1,0.10236220472440949,0.0,0.2436781609195402,0.8928571428571429,0.29348856996258554,0.0,0.4786801751765566,0.9978193146417446,1.0,0.1959835580136695,instance,informative
1,0.11904761904761907,0.0,0.2436781609195402,0.8928571428571429,0.3651320642488982,0.0,0.4638113566669837,0.9984423676012462,1.0,0.6815494420031896,instance,informative
1,0.2240740740740741,0.0,0.16666666666666663,0.7857142857142857,0.420424766734835,0.5,0.46952010589636295,0.9975077881619938,1.0,0.4833161844230152,instance,informative
1,0.09558823529411764,0.0,0.2436781609195402,0.5357142857142857,0.49988617809511104,0.0,0.46276513916571493,0.9956386292834891,1.0,0.12149413250247544,instance,informative
1,0.07480314960629919,0.2,0.2436781609195402,0.39285714285714285,0.2720717932902404,0.0,0.49113692268541775,0.9987538940809969,1.0,0.22097136386024038,instance,informative
1,0.1333333333333333,0.2,0.18727272727272726,0.6428571428571429,0.12707611403087965,0.0,0.4870344962680969,0.9993769470404984,1.0,1.3049116365550035,instance,informative
1,0.07480314960629919,0.0,0.18727272727272726,0.75,0.15674771838856338,0.0,0.43377162330289876,0.9978193146417446,1.0,0.9305504800615227,instance,informative
1,0.15333333333333332,0.0,0.36363636363636365,0.39285714285714285,0.5901258513618312,0.5,0.48370423036117316,0.997196261682243,1.0,0.48482941967839677,instance,informative
1,0.10952380952380958,0.2,0.2670454545454546,0.7857142857142857,0.3565936104088544,0.0,0.4558327731170755,0.9993769470404984,1.0,0.7182532655140751,instance,informative
1,0.05844155844155852,0.0,0.326797385620915,0.5714285714285714,0.22457324841250687,0.0,0.4744180529960118,0.9984423676012462,1.0,0.6315533095845753,instance,informative
1,0.07777777777777772,0.2,0.2670454545454546,0.7857142857142857,0.20270325621415441,0.3333333333333333,0.5030400525368864,1.0,1.0,0.7419349040821728,instance,informative
1,0.2537735849056604,0.2,0.2436781609195402,0.5,0.20675304107486492,0.0,0.49203151978214765,0.9996884735202493,1.0,0.7397523700853174,instance,informative
1,0.15476190476190477,0.6,0.4236453201970444,0.4642857142857143,0.4774444742128552,0.0,0.49145345192142176,0.9996884735202493,1.0,0.2910471748956475,instance,informative
1,0.1671732522796353,0.0,0.2436781609195402,0.5714285714285714,0.3032047527082762,0.0,0.4863044845495311,0.9984423676012462,1.0,1.0700600252502255,instance,informative
0,0.825,1.0,0.7670250896057348,0.5714285714285714,0.7553589178771828,1.0,0.5173878785329573,1.0,1.0,-0.48389741247665224,instance,informative
0,0.6536796536796536,0.8,0.7670250896057348,0.32142857142857145,0.8248181527359632,0.0,0.4972606272765864,0.9994407158836689,1.0,-0.935222974819508,instance,informative
0,0.7598627787307033,0.6,0.5111111111111111,0.42857142857142855,0.7570138265098691,0.7692307692307693,0.5195452208478675,1.0,1.0,-0.9542177493596914,instance,informative
1,0.26241134751773054,0.2,0.16666666666666663,0.7857142857142857,0.36210817023857544,0.0,0.4935407299045085,0.9993769470404984,1.0,1.0472972453141787,instance,informative
1,0.21963190184049075,0.2,0.2436781609195402,0.6428571428571429,0.23551221572572612,0.0,0.4825801859190191,0.9987538940809969,1.0,0.841160264263749,instance,informative
0,0.8009259259259259,1.0,0.5763546798029557,0.6428571428571429,0.8299850066898053,1.0,0.572289981225212,1.0,1.0,-0.6830629822591955,instance,informative
1,0.08196721311475408,0.0,0.48888888888888893,0.6785714285714286,0.4912010509130541,0.0,0.4547155201998836,0.9959501557632399,1.0,-0.35170023520657073,instance,informative
1,0.270440251572327,0.2,0.18974358974358974,0.6785714285714286,0.2730043914301913,0.5,0.5101718551273875,1.0,1.0,0.30367275966873514,instance,informative
1,0.263265306122449,0.2,0.2670454545454546,0.6071428571428571,0.26247119142796704,0.0,0.48364250395366726,0.9993769470404984,1.0,0.21198767220707374,instance,informative
1,0.17971014492753623,0.2,0.2329749103942652,0.5357142857142857,0.17586091284037414,0.3333333333333333,0.49489969682305956,0.9996884735202493,1.0,1.0638822227613782,instance,informative
1,0.19333333333333336,0.0,0.2329749103942652,0.6785714285714286,0.44601741951756146,0.0,0.4498910017174004,0.9981308411214953,1.0,-0.14025894607436196,instance,informative
1,0.2248031496062992,0.2,0.326797385620915,0.5,0.2957655051100403,0.0,0.4908926916890629,0.9996884735202493,1.0,0.9622445011347608,instance,informative
0,0.6392712550607287,0.6,0.6363636363636364,0.39285714285714285,0.6596156489484888,1.0,0.5119374216154873,1.0,1.0,-0.198511429875132,instance,informative
1,0.2690288713910761,0.0,0.18727272727272726,0.7142857142857143,0.18526502465511674,0.0,0.462329938953154,0.9984423676012462,1.0,0.765720693092578,instance,informative
1,0.15932914046121593,0.2,0.2670454545454546,0.6071428571428571,0.3543544426749703,0.0,0.4685166825324426,0.9996884735202493,1.0,0.37744748148076096,instance,informative
1,0.11321721311475408,0.2,0.16666666666666663,0.7857142857142857,0.24269168353105725,0.0,0.4658025201590098,0.9990654205607477,1.0,0.9509493192443891,instance,informative
1,0.16758241758241765,0.2,0.2329749103942652,0.32142857142857145,0.19448814353586552,0.0,0.49134246488456756,0.9990654205607477,1.0,1.3596753876826857,instance,informative
1,0.8263888888888888,0.6,0.2329749103942652,0.32142857142857145,0.5671097114112134,1.0,0.5033349145677867,1.0,1.0,0.40970292584681345,instance,informative
1,0.07407407407407407,0.0,0.7719298245614035,0.42857142857142855,0.506232203446597,0.0,0.4423890942833073,0.9984423676012462,1.0,0.5814430449311273,instance,informative
1,0.0714285714285714,0.2,0.2329749103942652,0.5357142857142857,0.1944283460773672,0.0,0.46145295957210575,0.9996884735202493,0.975,0.9619225613074474,instance,informative
1,0.26436781609195403,0.2,0.2436781609195402,0.5357142857142857,0.24464698442692734,0.3333333333333333,0.48485765062710484,0.9993769470404984,1.0,1.0849257658733562,instance,informative
1,0.13,0.4,0.36363636363636365,0.5,0.41437030616777204,1.0,0.5003894354278902,1.0,1.0,-0.006934273366688101,instance,informative
1,0.256656346749226,0.0,0.2329749103942652,0.5,0.17018093777727988,0.3333333333333333,0.453374088223533,0.9984423676012462,1.0,0.5031601076771014,instance,informative
1,0.26241134751773054,0.4,0.2436781609195402,0.5714285714285714,0.38350117467095246,0.5,0.5117218077820604,1.0,1.0,0.476849073793633,instance,informative
1,0.16842105263157903,0.0,0.2436781609195402,0.39285714285714285,0.255213984355919,0.0,0.44570355509557935,0.9956386292834891,1.0,0.3314996419963706,instance,informative
1,0.1777777777777778,0.0,0.48888888888888893,0.4642857142857143,0.17752551082165596,0.0,0.4717680118662988,0.997196261682243,1.0,0.8484911615882258,instance,informative
1,0.07777777777777772,0.0,0.2670454545454546,0.7857142857142857,0.17968752440355162,0.0,0.45246253023772665,0.9981308411214953,1.0,0.4629412570077356,instance,informative
1,0.0,0.2,0.16666666666666663,0.8571428571428571,0.2786828651136024,0.3333333333333333,0.4823338840450462,0.9990654205607477,1.0,0.7166469795946735,instance,informative
1,0.17500000000000004,0.2,0.36363636363636365,0.42857142857142855,0.410640616056252,0.0,0.4838795542052239,0.9990654205607477,1.0,0.5114299302065443,instance,informative
1,0.18196721311475406,0.0,0.7840909090909091,0.25,0.2593844827733558,0.0,0.46758109908190404,0.9962616822429906,1.0,0.9714034157973331,instance,informative
1,0.16902887139107614,0.0,0.2436781609195402,0.8928571428571429,0.24416682795001832,0.0,0.46906623767359634,0.9981308411214953,1.0,1.5080213484567668,instance,informative
1,0.1478167501789549,0.0,0.7719298245614035,0.5714285714285714,0.23752349077232415,0.0,0.4779475487482874,0.9981308411214953,1.0,1.3994762211702052,instance,informative
1,0.18194600674915629,0.2,0.7719298245614035,0.42857142857142855,0.2264757724768381,0.2,0.4844099473468889,0.9990654205607477,1.0,0.6184910259869768,instance,informative
1,0.17480314960629917,0.0,0.18727272727272726,0.6071428571428571,0.2751857737350719,0.0,0.44237077641851186,0.9975077881619938,1.0,0.6707476126006153,instance,informative
0,0.4870689655172413,1.0,0.4727272727272728,0.6071428571428571,0.4253496596250438,1.0,0.5282101458361506,1.0,1.0,-0.39742110464410985,instance,informative
1,0.17462422634836428,0.0,0.2329749103942652,0.2857142857142857,0.12992752139720476,0.0,0.47645283827738183,0.9984423676012462,1.0,1.2240274062637253,instance,informative
1,0.0714285714285714,0.0,0.18974358974358974,0.5357142857142857,0.25627107926727966,0.0,0.48821995558892917,0.9978193146417446,1.0,0.6772133753982746,instance,informative
1,0.27334337349397586,0.4,0.2329749103942652,0.6785714285714286,0.14861785082531076,0.0,0.49618344365418654,0.9996884735202493,1.0,1.3834373328988034,instance,informative
1,0.14922813036020588,0.0,0.18974358974358974,0.6785714285714286,0.17591315549022057,0.0,0.4665672202565305,0.9975077881619938,0.975,1.3194176509913222,instance,informative
1,0.15932914046121593,0.0,0.48888888888888893,0.5,0.5477473866885094,0.0,0.4773908058515781,0.9965732087227415,0.975,0.7315657607637404,instance,informative
1,0.07777777777777772,0.6,0.39682539682539686,0.39285714285714285,0.47267135192343257,1.0,0.5016287468893785,1.0,1.0,0.46669789502011777,instance,informative
1,0.21091644204851745,0.2,0.6896551724137931,0.42857142857142855,0.6568339629641852,1.0,0.5120726610674264,1.0,1.0,-0.2153328958134473,instance,informative
0,0.7142857142857143,0.8,0.673202614379085,0.6071428571428571,0.6159543858487145,1.0,0.5237852056764124,1.0,1.0,-0.6053877914287522,instance,informative
1,0.24285714285714288,0.4,0.2436781609195402,0.5,0.4075126623200077,0.25,0.4857423923510472,0.9996884735202493,1.0,0.3465972936678072,instance,informative
1,0.04477611940298509,0.0,0.2670454545454546,0.75,0.3754413793553629,0.5,0.47169738240610737,0.9984423676012462,1.0,0.49956995218421185,instance,informative
1,0.3666666666666667,0.0,0.2329749103942652,0.5714285714285714,0.45948376491473675,0.0,0.47650922158338194,0.9984423676012462,1.0,0.5742830222027537,instance,informative
1,0.19106047326906217,0.0,0.2436781609195402,0.5357142857142857,0.4900847304983492,0.0,0.4795195942131937,0.9984423676012462,0.95,1.2401453979075023,instance,informative
0,0.6887218045112782,0.8,0.7563218390804598,0.5357142857142857,0.7766699662324787,0.5,0.5070383024930823,1.0,1.0,-1.2230758528011945,instance,informative
1,0.03749999999999998,0.2,0.2329749103942652,0.5,0.19920913871083273,0.0,0.49088684179316977,0.9996884735202493,0.975,0.6717981636921905,instance,informative
1,0.184640522875817,0.0,0.2329749103942652,0.35714285714285715,0.21825693182397704,0.0,0.47991747893896397,0.9984423676012462,1.0,0.534971170738692,instance,informative
0,0.8285714285714285,0.8,0.7563218390804598,0.5,0.7402116174951735,1.0,0.5569728152539146,1.0,1.0,-1.0034470343225625,instance,informative
1,0.15000000000000002,0.0,0.16666666666666663,0.7857142857142857,0.17696274905609088,0.0,0.47225927700022996,0.9984423676012462,1.0,0.5647141564960025,instance,informative
1,0.1671732522796353,0.0,0.2436781609195402,0.8928571428571429,0.17635622201638324,0.0,0.4846605672472767,0.9965732087227415,1.0,0.7942772909732968,instance,informative
1,0.16161616161616155,0.2,0.18727272727272726,0.7142857142857143,0.24440416964289524,0.0,0.47438764610602047,0.9996884735202493,1.0,0.42886552751578433,instance,informative
0,0.6392712550607287,0.6,0.8102564102564103,0.5714285714285714,0.7156465083131048,0.5,0.4890406436794761,0.9994407158836689,1.0,-0.7744694582770638,instance,informative
1,0.3338509316770186,0.2,0.2329749103942652,0.5357142857142857,0.1751147799180136,1.0,0.5204756363305725,1.0,1.0,1.0836932534325796,instance,informative
1,0.025862068965517238,0.2,0.2329749103942652,0.35714285714285715,0.29213943553306876,0.0,0.4812123828874839,0.9996884735202493,1.0,1.1343245676033624,instance,informative
1,0.07777777777777772,0.4,0.18727272727272726,0.7142857142857143,0.15309211300277886,0.3333333333333333,0.5130698504361202,1.0,1.0,0.7034094528626939,instance,informative
1,0.14920634920634923,0.2,0.18727272727272726,0.7142857142857143,0.19329777815077254,0.0,0.4739550830066551,0.9990654205607477,1.0,0.5465288560244719,instance,informative
1,0.19770114942528738,0.4,0.18666666666666665,0.5,0.21912194727524537,0.0,0.48673003876724663,0.9990654205607477,1.0,1.079307174627879,instance,informative
0,0.7059352517985611,0.8,0.31472081218274117,0.42857142857142855,0.7926117344500581,1.0,0.5145194710642349,1.0,1.0,-0.6452157035560775,instance,informative
1,0.20752628666297723,0.2,0.2670454545454546,0.5357142857142857,0.45292900309572426,0.0,0.4825890483448785,0.9990654205607477,1.0,0.70674915423998,instance,informative
1,0.09558823529411764,0.0,0.2436781609195402,0.42857142857142855,0.23506647703393835,0.0,0.41703992571983106,0.9978193146417446,1.0,0.6796512258404499,instance,informative
1,0.27717391304347827,0.2,0.16666666666666663,0.4642857142857143,0.20205637326718617,0.25,0.4714599098368445,0.9996884735202493,1.0,0.8536270407664364,instance,informative
0,0.661734693877551,0.4,0.7329545454545454,0.4642857142857143,0.679831150566421,0.5,0.498936720080163,0.9994407158836689,1.0,-0.7963035234255438,instance,informative
1,0.4190647482014389,0.4,0.48888888888888893,0.6785714285714286,0.3410324872045044,0.0,0.4961717470709994,0.9996884735202493,1.0,0.17826956651772874,instance,informative
1,0.14574468085106385,0.2,0.2670454545454546,0.75,0.18274125142414877,0.0,0.4703239043177553,0.9993769470404984,1.0,1.4892599437110732,instance,informative
1,0.13183060109289624,0.2,0.5272727272727273,0.6071428571428571,0.4310953467084485,0.0,0.4941718361537615,0.9996884735202493,1.0,0.35372926072577476,instance,informative
1,0.0901639344262295,0.2,0.2329749103942652,0.5357142857142857,0.21614868053837144,0.0,0.48086476590484795,0.9987538940809969,1.0,0.5982721976150024,instance,informative
1,0.13227848101265827,0.2,0.18727272727272726,0.7142857142857143,0.1520422156627963,0.0,0.4677486015971316,0.9993769470404984,1.0,1.2575368578538475,instance,informative
1,0.09558823529411764,0.2,0.36363636363636365,0.42857142857142855,0.5529396386808614,0.0,0.47834324912608395,0.9990654205607477,1.0,-0.033238323904276015,instance,informative
1,0.20752628666297723,0.4,0.2670454545454546,0.5357142857142857,0.5049056897149695,0.25,0.4703942147122939,0.9996884735202493,1.0,0.018070792362459658,instance,informative
1,0.2533333333333333,0.2,0.4236453201970444,0.5714285714285714,0.30710764063514073,0.16666666666666666,0.49618490712176533,0.9993769470404984,1.0,0.8564923952620019,instance,informative
1,0.06432360742705567,0.0,0.2329749103942652,0.6785714285714286,0.18788076864886405,0.0,0.4825090182526356,0.9984423676012462,1.0,1.4194611893262628,instance,informative
1,0.2047619047619048,0.4,0.2436781609195402,0.5357142857142857,0.15983273061097475,1.0,0.5516667317702229,1.0,1.0,1.5496801510753344,instance,informative
1,0.2533333333333333,0.0,0.18727272727272726,0.6071428571428571,0.25640755313588326,0.0,0.4608622522426914,0.9965732087227415,1.0,1.0880778943727802,instance,informative
1,0.19338959212376938,0.2,0.2329749103942652,0.35714285714285715,0.18521489577862793,1.0,0.5369559029277571,1.0,1.0,0.27718671099505754,instance,informative
1,0.28205128205128205,0.2,0.2436781609195402,0.8928571428571429,0.5225465489972386,0.3333333333333333,0.49771086337022863,0.9996884735202493,1.0,0.5842371003818803,instance,informative
1,0.27717391304347827,0.2,0.4236453201970444,0.6428571428571429,0.22194745805592936,0.0,0.4676114869521901,0.9990654205607477,1.0,1.3272079794316851,instance,informative
1,0.10999999999999999,0.0,0.7719298245614035,0.42857142857142855,0.3762797551729423,0.0,0.46853382751639927,0.9962616822429906,1.0,-0.08562827379461148,instance,informative
1,0.11016949152542366,0.0,0.2329749103942652,0.2857142857142857,0.13647880448733274,0.0,0.4600168849333983,0.9981308411214953,1.0,0.9389595574987503,instance,informative
1,0.19878787878787874,0.0,0.48888888888888893,0.4642857142857143,0.23704278630694003,0.0,0.4778794664774635,0.9975077881619938,0.975,1.1612319190572702,instance,informative
0,0.7375886524822695,1.0,0.7329545454545454,0.42857142857142855,0.7858745193321877,1.0,0.5958714035600644,1.0,1.0,-0.842230662215596,instance,informative
1,0.18159806295399517,0.4,0.18974358974358974,0.6785714285714286,0.28236295742795436,0.0,0.48672010349195527,0.9996884735202493,1.0,0.6042788829628435,instance,informative
1,0.24425287356321834,0.0,0.4236453201970444,0.4642857142857143,0.1665594923075367,0.0,0.4721017184014824,0.9975077881619938,1.0,1.2097052773404926,instance,informative
1,0.06432360742705567,0.2,0.2436781609195402,0.42857142857142855,0.18166226621199488,0.0,0.4921035584667728,0.9990654205607477,1.0,0.9667446489846854,instance,informative
1,0.1923076923076923,0.0,0.326797385620915,0.5714285714285714,0.40108105160920804,0.0,0.48478872892221014,0.9981308411214953,1.0,1.1611702136558666,instance,informative
1,0.360843373493976,0.0,0.2329749103942652,0.32142857142857145,0.30875241973554557,0.0,0.4862122951762351,0.9984423676012462,1.0,0.9266844307782637,instance,informative
1,0.1777777777777778,0.4,0.48888888888888893,0.6785714285714286,0.17703219844198392,0.5,0.5006362292182418,1.0,1.0,1.3310082512092771,instance,informative
1,0.09558823529411764,0.0,0.2436781609195402,0.8928571428571429,0.20061235733977056,0.0,0.46706931047657807,0.9959501557632399,1.0,0.5128191585320321,instance,informative
1,0.31084337349397595,0.2,0.2329749103942652,0.5357142857142857,0.18529777266167197,0.0,0.4873195714141131,0.9990654205607477,1.0,0.7758509472577888,instance,informative
1,0.15113871635610776,0.2,0.2670454545454546,0.7857142857142857,0.3260829709325238,0.0,0.48846680390720465,0.9993769470404984,1.0,0.7102920455740436,instance,informative
1,0.025862068965517238,0.2,0.2329749103942652,0.5714285714285714,0.17351583084491573,0.0,0.4976383819241249,0.9993769470404984,1.0,1.0292301577739444,instance,informative
1,0.20238095238095233,0.2,0.2329749103942652,0.5357142857142857,0.3342260463337363,0.0,0.4948709566660182,0.9996884735202493,1.0,0.4488205820971646,instance,informative
1,0.025000000000000022,0.0,0.2329749103942652,0.2857142857142857,0.33694619081513943,0.0,0.4593655383499442,0.9965732087227415,1.0,1.460211596659089,instance,informative
1,0.16842105263157903,0.0,0.2329749103942652,0.35714285714285715,0.466131737018574,0.0,0.4795364506435966,0.9981308411214953,0.975,0.039634218058532296,instance,informative
1,0.41326530612244894,0.0,0.18727272727272726,0.6071428571428571,0.32775077538399433,0.3333333333333333,0.4803726180078248,0.9984423676012462,1.0,0.5225054850014138,instance,informative
1,0.2655038759689923,0.4,0.7536231884057971,0.6071428571428571,0.43151291548104903,0.5,0.4942178424433499,0.9996884735202493,1.0,0.5418219187574073,instance,informative
1,0.1691297208538588,0.0,0.2329749103942652,0.25,0.1588156458429658,0.0,0.4685037026993034,0.9962616822429906,1.0,1.3345291650630076,instance,informative
1,0.139344262295082,0.0,0.2436781609195402,0.8928571428571429,0.2774910507431541,0.0,0.44274089847737896,0.9978193146417446,0.975,0.4779384887176671,instance,informative
1,0.22652757078986585,0.0,0.18727272727272726,0.6428571428571429,0.17193877573288907,0.0,0.4707387596503503,0.9962616822429906,1.0,0.849086765278592,instance,informative
1,0.332391713747646,0.0,0.16666666666666663,0.7857142857142857,0.19427110576800033,0.42857142857142855,0.45280838704859505,0.9953271028037384,1.0,1.1278940754695537,instance,informative
1,0.14016393442622954,0.0,0.36363636363636365,0.5,0.19102811277694975,0.0,0.4455019124696801,0.9962616822429906,1.0,0.5343212359270011,instance,informative
0,0.8867827868852459,0.8,0.7329545454545454,0.6428571428571429,0.5337426200018784,0.8,0.5061530534927814,1.0,1.0,-0.809305894862446,instance,informative
1,0.1529652351738241,0.0,0.18727272727272726,0.6071428571428571,0.16611130322441187,0.0,0.43661051353365443,0.9953271028037384,1.0,1.1675018319543955,instance,informative
1,0.25,0.0,0.2329749103942652,0.2857142857142857,0.16860427882688583,0.0,0.4870974878739177,0.9984423676012462,1.0,1.1878841825531068,instance,informative
1,0.375,0.6,0.326797385620915,0.5357142857142857,0.30592845065766905,0.0,0.4991576872525705,0.9996884735202493,0.975,0.8355677581719445,instance,informative
1,0.11016949152542366,0.0,0.2329749103942652,0.5,0.30092620988470875,0.0,0.4693651489930797,0.9978193146417446,1.0,0.10214922619036045,instance,informative
1,0.12698412698412698,0.0,0.18727272727272726,0.5357142857142857,0.18235722836547508,0.0,0.4379474612050108,0.9950155763239875,1.0,0.7025988973467783,instance,informative
1,0.14016393442622954,0.4,0.2329749103942652,0.2857142857142857,0.15255587325613484,0.0,0.4937358328647006,0.9996884735202493,1.0,1.2622340143355555,instance,informative
1,0.0,0.0,0.2670454545454546,0.7857142857142857,0.17272809704629044,0.0,0.4728089931976791,0.9962616822429906,1.0,0.8068190699805827,instance,informative
1,0.09558823529411764,0.2,0.36363636363636365,0.35714285714285715,0.30138957853863246,0.0,0.49262735951625825,0.9993769470404984,1.0,-0.1400977881967809,instance,informative
1,0.24040920716112535,0.0,0.48888888888888893,0.4642857142857143,0.29894932497858084,0.0,0.4573272858701043,0.9962616822429906,1.0,0.9458668060029326,instance,informative
1,0.19333333333333336,0.2,0.2329749103942652,0.5357142857142857,0.18750047097348388,0.5,0.4920114796450882,0.9990654205607477,1.0,0.24628255778401223,instance,informative
0,0.5705128205128205,0.8,0.24637681159420288,0.5714285714285714,0.7757962711794348,0.0,0.4992980676010321,0.9994407158836689,1.0,-0.30830500614338124,instance,informative
1,0.139344262295082,0.2,0.5272727272727273,0.6071428571428571,0.5504010070208124,0.0,0.4956842003353722,0.9996884735202493,1.0,0.09348988780856586,instance,informative
1,0.25683060109289624,0.0,0.16666666666666663,0.7857142857142857,0.15295784606538854,0.0,0.4560295042319208,0.9981308411214953,1.0,0.7894852929096435,instance,informative
1,0.16880341880341887,0.2,0.2436781609195402,0.8928571428571429,0.2622869117854325,0.16666666666666666,0.47107382942582754,0.9987538940809969,1.0,0.5048195628297432,instance,informative
1,0.19327129563350032,0.2,0.2436781609195402,0.6428571428571429,0.40016094427683435,0.0,0.45999619636796907,0.9990654205607477,1.0,0.835462551631526,instance,informative
1,0.28661616161616155,0.0,0.16666666666666663,0.7857142857142857,0.2011374561599154,0.0,0.41442554894133277,0.9981308411214953,1.0,0.9202411749563769,instance,informative
1,0.045454545454545414,0.0,0.4236453201970444,0.6428571428571429,0.37904494058651234,0.0,0.4729092814314446,0.9975077881619938,1.0,0.458108652977962,instance,informative
0,0.6384335154826959,0.8,0.5111111111111111,0.6071428571428571,0.5965105122175628,1.0,0.5250715217227033,1.0,1.0,-0.4705344979703446,instance,informative
1,0.059523809523809534,0.4,0.48888888888888893,0.4642857142857143,0.332470488416155,1.0,0.5012721610431548,1.0,1.0,0.7708584216265933,instance,informative
1,0.1685531496062992,0.0,0.2436781609195402,0.5714285714285714,0.14335519950814068,0.0,0.4785331425014079,0.997196261682243,1.0,1.518808110987791,instance,informative
1,0.41326530612244894,0.4,0.16666666666666663,0.7857142857142857,0.24010970935928644,0.4,0.4704669959041953,0.9990654205607477,1.0,1.2841431381928217,instance,informative
1,0.3282828282828283,0.0,0.18727272727272726,0.75,0.18862723664950565,0.0,0.47569917578290777,0.9978193146417446,1.0,1.3620058409870617,instance,informative
0,0.4901960784313726,1.0,0.7563218390804598,0.39285714285714285,0.7371281100215201,1.0,0.5399293499927904,1.0,1.0,-0.8611225650148162,instance,informative
1,0.09340659340659341,0.4,0.2436781609195402,0.5,0.20587470129370145,0.0,0.4885973701716063,0.9990654205607477,1.0,0.5609175328716971,instance,informative
0,0.8541162227602905,0.8,0.5111111111111111,0.5,0.7758476537518524,1.0,0.5151755705124317,1.0,1.0,-1.3125760191916185,instance,informative
1,0.09023066485753062,0.2,0.2670454545454546,0.4642857142857143,0.2403825860303902,0.0,0.4754208076735802,0.9987538940809969,1.0,0.8359590590398474,instance,informative
0,0.7109111361079865,0.8,0.7670250896057348,0.32142857142857145,0.6799430348655271,1.0,0.5054664961201738,1.0,1.0,-0.6188037907794854,instance,informative
1,0.2628205128205128,0.2,0.7536231884057971,0.35714285714285715,0.22385336602135786,0.0,0.468426341239386,0.9993769470404984,1.0,0.5273732800011606,instance,informative
1,0.0,0.0,0.4236453201970444,0.5714285714285714,0.12810035111439078,0.0,0.4551190650137128,0.9953271028037384,1.0,0.965351649234842,instance,informative
1,0.2160737812911726,0.4,0.2670454545454546,0.75,0.4535454152884758,0.0,0.46691729819090155,0.9990654205607477,1.0,0.7845502017508176,instance,informative
0,0.7505789717461788,1.0,0.7563218390804598,0.9285714285714286,0.7664908529834709,0.7777777777777778,0.5514939948187494,1.0,1.0,-0.6605198642290843,instance,informative
1,0.0714285714285714,0.2,0.48888888888888893,0.42857142857142855,0.23097453470083457,0.0,0.43602557808583864,0.9987538940809969,1.0,0.6388087569566602,instance,informative
1,0.3607287449392713,0.2,0.2329749103942652,0.35714285714285715,0.2546151139659667,0.0,0.4689636726886385,0.9990654205607477,1.0,0.8507275215861979,instance,informative
1,0.0,0.2,0.36363636363636365,0.32142857142857145,0.14285344439543746,0.0,0.4867047317706744,0.9990654205607477,0.95,1.285556373076373,instance,informative
1,0.09615384615384615,0.2,0.18666666666666665,0.5,0.22422405253918953,0.0,0.49110628396011835,0.9987538940809969,1.0,1.2597172135328025,instance,informative
1,0.050000000000000044,0.2,0.18727272727272726,0.7142857142857143,0.2339846490915135,0.3333333333333333,0.4961939063303942,0.9996884735202493,1.0,0.6344015369885585,instance,informative
1,0.11604774535809015,0.0,0.2329749103942652,0.2857142857142857,0.13383808638203215,0.0,0.47691235486799044,0.9975077881619938,1.0,0.8821103077859018,instance,informative
1,0.08196721311475408,0.0,0.4236453201970444,0.6428571428571429,0.34608891885991877,0.0,0.4729762521162285,0.997196261682243,1.0,0.6516253933646221,instance,informative
1,0.09615384615384615,0.4,0.7719298245614035,0.42857142857142855,0.36612205002910747,0.0,0.48918879244424707,0.9990654205607477,0.975,0.2693044340976096,instance,informative
0,0.6757142857142857,0.6,0.7670250896057348,0.35714285714285715,0.7957050128162138,0.7142857142857143,0.5111961590231744,1.0,1.0,-0.7400400818870623,instance,informative
1,0.12810945273631846,0.2,0.2670454545454546,0.7857142857142857,0.17294581079857446,0.5,0.49513516003222,0.9996884735202493,1.0,0.19543215771490577,instance,informative
1,0.19770114942528738,0.2,0.2436781609195402,1.0,0.16107290581951228,0.0,0.49718433693355846,0.9993769470404984,1.0,1.2602040050452235,instance,informative
1,0.12025769506084472,0.0,0.2436781609195402,0.75,0.14739266504945991,0.0,0.4676159452623405,0.9978193146417446,1.0,1.0963566666125635,instance,informative
1,0.3205128205128205,0.6,0.16666666666666663,0.7857142857142857,0.15276498617847428,0.5,0.5100694900278246,1.0,1.0,1.0973820447014369,instance,informative
1,0.1339285714285714,0.4,0.2329749103942652,0.5357142857142857,0.17354447769816872,0.0,0.48989852172271264,0.9990654205607477,1.0,1.0182099304398722,instance,informative
1,0.255,0.2,0.18727272727272726,0.7142857142857143,0.18017164885104398,0.3333333333333333,0.49812744004885534,0.9996884735202493,1.0,0.6842613704083392,instance,informative
1,0.2416666666666667,0.2,0.18727272727272726,0.7142857142857143,0.13681683207757972,0.0,0.47189716839388096,0.9987538940809969,1.0,2.1139983022353572,instance,informative
1,0.050000000000000044,0.0,0.16666666666666663,0.5714285714285714,0.14904173370234164,0.0,0.46019255495547473,0.9953271028037384,1.0,0.6194381950430743,instance,informative
1,0.13035870516185477,0.0,0.2329749103942652,0.5357142857142857,0.20605754628893452,0.0,0.4746156082705145,0.997196261682243,1.0,0.9236443804535016,instance,informative
1,0.13183060109289624,0.2,0.36363636363636365,0.4642857142857143,0.44890220060736785,0.4,0.4727184135202115,0.9993769470404984,1.0,0.315108568150961,instance,informative
1,0.125,0.0,0.2329749103942652,0.2857142857142857,0.1586650809786247,0.0,0.4772007384014597,0.9975077881619938,1.0,0.83906747472523,instance,informative
1,0.21091644204851745,0.0,0.4236453201970444,0.6428571428571429,0.3046295745860954,0.25,0.46955313218888095,0.9981308411214953,1.0,1.2111012022875636,instance,informative
1,0.09883720930232553,0.0,0.16666666666666663,0.7857142857142857,0.33471450513675316,0.0,0.4548883046353358,0.9975077881619938,1.0,1.2190502093627893,instance,informative
1,0.19615384615384612,0.0,0.2436781609195402,0.75,0.27284698238888827,0.0,0.470113207775958,0.997196261682243,0.975,0.19763191519080459,instance,informative
0,0.7571428571428571,1.0,0.7563218390804598,0.5,0.5992142086491458,1.0,0.5534789230111714,1.0,1.0,0.12249005826769893,instance,informative
1,0.24040920716112535,0.4,0.4236453201970444,0.7142857142857143,0.18896330672086925,0.3125,0.46142186080667114,0.9993769470404984,1.0,1.18349894058887,instance,informative
1,0.10236220472440949,0.2,0.18974358974358974,0.5357142857142857,0.20454626860762476,0.25,0.4732395520459167,0.9993769470404984,1.0,0.99818775773173,instance,informative
0,0.8797423049391553,1.0,0.7563218390804598,0.5714285714285714,0.839217706320335,1.0,0.5661487784136033,1.0,1.0,-0.8984215712516601,instance,informative
1,0.20377358490566033,0.2,0.4236453201970444,0.6428571428571429,0.26851326901252515,0.2857142857142857,0.487856228088258,0.9987538940809969,1.0,0.8343606082584236,instance,informative
0,0.786734693877551,1.0,0.22807017543859653,0.7142857142857143,0.6012901695739732,1.0,0.5081461108993535,1.0,1.0,-0.4669516807613948,instance,informative
1,0.10999999999999999,0.0,0.7536231884057971,0.5357142857142857,0.26293649750822434,0.0,0.4595831397759914,0.9978193146417446,1.0,0.5602552233701689,instance,informative
0,0.65,0.6,0.6363636363636364,0.5357142857142857,0.5976446446272077,1.0,0.5196983526228469,1.0,1.0,-0.3482901756324014,instance,informative
1,0.17051282051282057,0.2,0.48888888888888893,0.6785714285714286,0.279154902605959,0.0,0.49418723129550424,0.9990654205607477,0.975,0.5547021020680987,instance,informative
1,0.18710691823899372,0.4,0.2329749103942652,0.2857142857142857,0.17356736391128047,0.0,0.49799385209936065,0.9996884735202493,1.0,1.0576868951151368,instance,informative
1,0.15333333333333332,0.0,0.48888888888888893,0.5714285714285714,0.32246038204663163,0.0,0.4731709954634724,0.9984423676012462,1.0,0.40385422730253184,instance,informative
1,0.40476190476190477,0.6,0.2329749103942652,0.6785714285714286,0.2386135217180695,1.0,0.534326494475895,1.0,1.0,0.9770784857336212,instance,informative
1,0.41326530612244894,0.0,0.4236453201970444,0.5714285714285714,0.23526049271783211,0.14285714285714285,0.4679440271521743,0.9962616822429906,1.0,0.857501010633084,instance,informative
1,0.13227848101265827,0.2,0.2329749103942652,0.35714285714285715,0.19294129300811258,0.0,0.4734701041546323,0.9987538940809969,1.0,0.9931714310463041,instance,informative
0,0.8035714285714286,1.0,0.8127272727272727,0.5357142857142857,0.8280843934619421,1.0,0.5295656016396267,1.0,1.0,-0.913492173950593,instance,informative
0,0.7898305084745763,0.6,0.6363636363636364,0.42857142857142855,0.6258375806821168,1.0,0.5214109200828023,1.0,1.0,-0.7286559831000082,instance,informative
1,0.07407407407407407,0.2,0.2329749103942652,0.5357142857142857,0.29945448725933854,0.0,0.4594701554550774,0.9993769470404984,1.0,0.14271450507124356,instance,informative
1,0.08333333333333326,0.0,0.18727272727272726,0.75,0.1521038624814589,0.0,0.47381453592643086,0.9959501557632399,1.0,1.269135290480246,instance,informative
1,0.25,0.4,0.18727272727272726,0.7142857142857143,0.12733266732247284,0.0,0.49861468246486496,0.9996884735202493,1.0,1.0804008921313153,instance,informative
1,0.3242857142857143,0.6,0.2329749103942652,0.2857142857142857,0.1910314969681859,0.3333333333333333,0.5432483056337951,1.0,1.0,0.6103992028330186,instance,informative
1,0.1339285714285714,0.2,0.18666666666666665,0.5,0.19358274802287662,0.0,0.4578011660700393,0.9987538940809969,1.0,0.9695299583977608,instance,informative
1,0.16602316602316602,0.4,0.16666666666666663,0.7857142857142857,0.31885364349043865,0.5,0.4929735926262686,0.9996884735202493,1.0,0.906740946039908,instance,informative
1,0.1298701298701299,0.4,0.7536231884057971,0.5357142857142857,0.5626372076020005,0.3333333333333333,0.5015135603295607,1.0,1.0,0.08723780807404594,instance,informative
1,0.36906474820143886,0.6,0.2670454545454546,0.6071428571428571,0.2648527526954192,0.0,0.4777209401506498,0.9996884735202493,1.0,0.4097493646802562,instance,informative
1,0.21906474820143884,0.0,0.2436781609195402,0.8928571428571429,0.5307762805541782,0.0,0.4733096916230539,0.9962616822429906,1.0,0.566000483057283,instance,informative
1,0.21333333333333337,0.2,0.7536231884057971,0.4642857142857143,0.14561357337283887,0.0,0.49835480207671845,0.9996884735202493,1.0,0.632016425132467,instance,informative
1,0.12698412698412698,0.0,0.2436781609195402,0.6428571428571429,0.34028324196236015,0.0,0.4715945571146962,0.9962616822429906,1.0,0.4761846852771157,instance,informative
0,0.717948717948718,0.8,0.673202614379085,0.5357142857142857,0.7072079920937313,1.0,0.5584323273682067,1.0,1.0,-0.6351108585307378,instance,informative
0,0.8202898550724638,1.0,0.8333333333333334,0.7142857142857143,0.8269164329087523,1.0,0.5606396806788919,1.0,1.0,-0.589652283054299,instance,informative
1,0.08333333333333326,0.0,0.2436781609195402,0.6428571428571429,0.20670538801027705,0.0,0.46857753944436076,0.9975077881619938,1.0,0.45535439944448697,instance,informative
1,0.10795454545454541,0.2,0.2670454545454546,0.7857142857142857,0.21961044503478366,0.25,0.4776202514345287,0.9996884735202493,1.0,0.7416889718819808,instance,informative
1,0.10795454545454541,0.2,0.2436781609195402,0.5,0.26133725979286604,0.0,0.466405330207481,0.9990654205607477,1.0,0.9701408255384859,instance,informative
1,0.2928571428571429,0.4,0.326797385620915,0.6071428571428571,0.22421618593883752,0.0,0.4669871260235182,0.9996884735202493,0.975,0.5033817736198734,instance,informative
1,0.09615384615384615,0.0,0.2436781609195402,0.8928571428571429,0.17885621677572722,0.0,0.4519676634324036,0.997196261682243,1.0,1.1378905433275281,instance,informative
1,0.09615384615384615,0.0,0.2436781609195402,0.8928571428571429,0.34089500069856293,0.0,0.46825335703903137,0.9981308411214953,1.0,0.8080832178963427,instance,informative
1,0.1690647482014389,0.6,0.18727272727272726,0.7142857142857143,0.26577093279791963,0.3333333333333333,0.5042903931411563,1.0,1.0,0.41523768846383463,instance,informative
1,0.2862985685071575,0.0,0.2329749103942652,0.5,0.20298976716623895,0.3333333333333333,0.4757134665432662,0.9984423676012462,1.0,0.54097658206757,instance,informative
1,0.3100303951367782,0.2,0.6852791878172588,0.4642857142857143,0.24520208707558322,0.25,0.48151840397942103,0.9987538940809969,1.0,0.6102101614064012,instance,informative
1,0.17379077615298089,0.0,0.18727272727272726,0.6428571428571429,0.29316266485742526,0.0,0.4646264608506062,0.9984423676012462,1.0,0.4036540896834032,instance,informative
1,0.19327129563350032,0.2,0.2436781609195402,0.8928571428571429,0.38529819450116054,0.0,0.4753076662086314,0.9990654205607477,1.0,0.7725797837009194,instance,informative
0,0.7619047619047619,1.0,0.7329545454545454,0.5714285714285714,0.6581696840573924,1.0,0.5554389346755566,1.0,1.0,-0.8348899409860104,instance,informative
1,0.3615664845173041,0.2,0.48888888888888893,0.4642857142857143,0.5648965652878416,0.6666666666666666,0.5115215095470955,1.0,1.0,0.4156922092814626,instance,informative
1,0.14642857142857146,0.2,0.2436781609195402,1.0,0.3535122460261715,0.25,0.4739586945847203,0.9990654205607477,1.0,0.5918985961927937,instance,informative
1,0.24463190184049077,0.6,0.2670454545454546,0.7857142857142857,0.30961602048842296,0.25,0.5040454245457453,1.0,1.0,0.37412859581924773,instance,informative
1,0.07971014492753625,0.2,0.48888888888888893,0.4642857142857143,0.4876391843753126,0.0,0.484039841840908,0.9987538940809969,1.0,0.005453409963637839,instance,informative
1,0.20752628666297723,0.2,0.2436781609195402,0.5,0.42076403817149866,0.0,0.4891178213846754,0.9996884735202493,1.0,0.1626897325097217,instance,informative
0,0.8294871794871794,0.8,0.7563218390804598,0.6071428571428571,0.7005001583888397,1.0,0.5127782830990437,1.0,1.0,-0.7634698746252081,instance,informative
1,0.27334337349397586,0.0,0.48888888888888893,0.4642857142857143,0.25418292107605084,0.0,0.4833631571397281,0.9984423676012462,1.0,0.3968921590509311,instance,informative
1,0.1690647482014389,0.2,0.18727272727272726,0.7142857142857143,0.18538906121445498,0.0,0.48537289730533006,0.9990654205607477,1.0,0.9514572715955765,instance,informative
1,0.07317073170731714,0.2,0.2670454545454546,0.5357142857142857,0.4804816408700807,0.0,0.4753800644657502,0.9987538940809969,1.0,0.8070054999351279,instance,informative
1,0.20752628666297723,0.2,0.4236453201970444,0.7142857142857143,0.36038965100410814,0.0,0.4508178563958891,0.9987538940809969,1.0,0.06203546968520987,instance,informative
1,0.14016393442622954,0.4,0.2329749103942652,0.5357142857142857,0.15612552176598105,0.0,0.4989199020744478,0.9996884735202493,1.0,0.2587122671344446,instance,informative
1,0.25384615384615383,0.2,0.326797385620915,0.5357142857142857,0.18215842226236656,0.5,0.4874836483095353,0.9993769470404984,1.0,0.32204137341641886,instance,informative
1,0.3242857142857143,0.4,0.2436781609195402,0.8928571428571429,0.14693548394991185,0.0,0.4821622084063232,0.9996884735202493,1.0,1.039501367822696,instance,informative
1,0.23550724637681153,0.0,0.36363636363636365,0.4642857142857143,0.2765410933171869,0.0,0.46990508565343225,0.9984423676012462,1.0,0.9334471502222805,instance,informative
0,0.8044871794871795,1.0,0.7563218390804598,0.5714285714285714,0.7154002005817984,1.0,0.5271183419014973,1.0,1.0,-0.273442546854286,instance,informative
1,0.11016949152542366,0.0,0.16666666666666663,0.7857142857142857,0.16277859725299387,0.0,0.4368222836812429,0.9959501557632399,1.0,1.2295226076620756,instance,informative
1,0.23984962406015042,0.2,0.326797385620915,0.5714285714285714,0.33785837734372237,0.0,0.4929950776184784,0.9996884735202493,1.0,0.9728057207186106,instance,informative
1,0.11321721311475408,0.4,0.16666666666666663,0.7857142857142857,0.39220899893710776,0.5,0.5012954398709664,1.0,1.0,0.45622434587386923,instance,informative
1,0.25,0.2,0.2436781609195402,0.39285714285714285,0.22647624647666603,0.5,0.5009488732899703,1.0,1.0,0.831404951047548,instance,informative
1,0.19285714285714284,0.2,0.4236453201970444,0.5357142857142857,0.1630800253903481,0.0,0.4668860270933991,0.9987538940809969,1.0,1.2541174965678312,instance,informative
1,0.14177489177489178,0.0,0.18727272727272726,0.7142857142857143,0.18607527921881023,0.0,0.44272835888562356,0.9984423676012462,0.975,1.2018603777937624,instance,informative
1,0.07971014492753625,0.2,0.08333333333333337,0.10714285714285714,0.23171406045884085,0.0,0.47876985539590966,0.9987538940809969,1.0,0.7367525902940136,instance,informative
0,0.873015873015873,1.0,0.8133333333333334,0.5357142857142857,0.7413975675975794,1.0,0.5271595303383347,1.0,1.0,-0.628050930549277,instance,informative
1,0.24425287356321834,0.0,0.2670454545454546,0.7857142857142857,0.13726120625536142,0.5,0.492276373923607,0.9984423676012462,1.0,1.3125139054185309,instance,informative
0,0.8222222222222222,1.0,0.7563218390804598,0.5357142857142857,0.7336946496758364,1.0,0.5518566794067836,1.0,1.0,-1.1552325328962647,instance,informative
1,0.025862068965517238,0.2,0.2329749103942652,0.2857142857142857,0.21499985966741814,0.0,0.49280611790893736,0.9993769470404984,1.0,1.235042485176359,instance,informative
0,0.6565656565656566,0.8,0.13559322033898302,0.17857142857142858,0.38397150199108687,1.0,0.50640282393238,1.0,1.0,-0.4234713854711148,instance,informative
1,0.4294871794871795,0.6,0.18727272727272726,0.6428571428571429,0.24674367117540857,0.6666666666666666,0.5136727121069502,1.0,1.0,0.32693270571165406,instance,informative
1,0.139344262295082,0.2,0.2436781609195402,0.8928571428571429,0.38529606714675146,0.16666666666666666,0.47809589191149215,0.9990654205607477,1.0,1.0634373088834572,instance,informative
1,0.18154761904761907,0.2,0.18974358974358974,0.6785714285714286,0.3535208903701227,0.0,0.4778701922885147,0.9990654205607477,1.0,0.5510493658057136,instance,informative
1,0.12142857142857144,0.2,0.18727272727272726,0.7142857142857143,0.13713474918696134,0.0,0.47468291035854404,0.9990654205607477,1.0,1.2813409281847488,instance,informative
1,0.125,0.0,0.5714285714285714,0.39285714285714285,0.24279571752035772,0.0,0.4627183182245481,0.994392523364486,1.0,0.4856601079326812,instance,informative
0,0.8253757736516357,1.0,0.8127272727272727,0.5357142857142857,0.7553065195026889,1.0,0.5223017256698357,1.0,1.0,-1.206988833022311,instance,informative
1,0.16902887139107614,0.2,0.2436781609195402,0.39285714285714285,0.4914589618930082,0.0,0.49461641635898457,0.9987538940809969,1.0,-0.1077735507036345,instance,informative
1,0.3028846153846154,0.0,0.326797385620915,0.5357142857142857,0.437252065297853,0.0,0.483145132490562,0.9984423676012462,1.0,0.34596285620505424,instance,informative
1,0.20752628666297723,0.0,0.48888888888888893,0.6785714285714286,0.1974184641811852,0.25,0.4768681743871358,0.9984423676012462,1.0,0.6640773221975437,instance,informative
1,0.3533333333333333,0.2,0.36363636363636365,0.5,0.1778294389486213,1.0,0.5048372834244852,1.0,1.0,1.0166058315957502,instance,informative
1,0.08823529411764708,0.4,0.36363636363636365,0.32142857142857145,0.13318434956837216,0.5,0.47784051017390394,0.9990654205607477,1.0,1.1315815214544223,instance,informative
1,0.025862068965517238,0.0,0.2436781609195402,0.39285714285714285,0.22856021006778793,0.0,0.43996690303271313,0.991588785046729,1.0,0.4526817999524519,instance,informative
1,0.19558823529411762,0.4,0.2436781609195402,0.32142857142857145,0.32226128634890105,1.0,0.5004357659323995,1.0,1.0,0.7325361878516491,instance,informative
1,0.08227848101265822,0.0,0.2436781609195402,0.42857142857142855,0.22541549614333833,0.0,0.4665290113574886,0.9984423676012462,1.0,0.7483793650651319,instance,informative
1,0.07971014492753625,0.2,0.18974358974358974,0.6785714285714286,0.3766833423831685,0.0,0.4968891741520156,0.9993769470404984,1.0,0.7236966241097281,instance,informative
1,0.255,0.2,0.18727272727272726,0.5,0.3497584842203869,0.0,0.4841973650025886,0.9987538940809969,1.0,0.4881575518217181,instance,informative
1,0.22652757078986585,0.2,0.16666666666666663,0.5,0.47999838758679625,0.0,0.46374265595212394,0.9987538940809969,1.0,0.27960936892797905,instance,informative
1,0.06432360742705567,0.2,0.7840909090909091,0.25,0.6455202243248229,0.0,0.46886927527797095,0.9990654205607477,1.0,0.12099669628773882,instance,informative
0,0.8205128205128205,1.0,0.7563218390804598,0.35714285714285715,0.7667258235919637,1.0,0.5305461661758482,1.0,1.0,-0.5366423399073016,instance,informative
1,0.17948717948717952,0.2,0.6852791878172588,0.39285714285714285,0.3415448578047814,0.16666666666666666,0.5010646242944142,1.0,1.0,0.2916045226853766,instance,informative
1,0.07480314960629919,0.2,0.18727272727272726,0.6428571428571429,0.25598355945729967,0.0,0.4844649764512352,0.9987538940809969,1.0,1.2229196442180217,instance,informative
1,0.08836206896551724,0.2,0.2329749103942652,0.5714285714285714,0.29306711701983035,0.0,0.4784687018585059,0.9987538940809969,1.0,0.8660951806012723,instance,informative
1,0.2273622047244095,0.2,0.2436781609195402,0.35714285714285715,0.36731757054472425,0.0,0.4870487769599866,0.9993769470404984,1.0,0.03868746326892459,instance,informative
1,0.0714285714285714,0.0,0.36363636363636365,0.5,0.2586375364144672,0.0,0.4640598030641977,0.9968847352024922,1.0,0.41373692814689156,instance,informative
0,0.6702898550724637,0.8,0.7563218390804598,0.5357142857142857,0.8634269456798929,0.5,0.5045481645029839,1.0,1.0,-0.7547345200469814,instance,informative
1,0.07777777777777772,0.2,0.2670454545454546,0.7857142857142857,0.4865533076527858,0.0,0.4416074660127811,0.9987538940809969,0.975,0.44148076759045535,instance,informative
1,0.2890888638920135,0.0,0.2329749103942652,0.2857142857142857,0.16586597597247926,0.0,0.45971729934422456,0.9940809968847352,1.0,1.074050796928157,instance,informative
1,0.16842105263157903,0.0,0.2329749103942652,0.35714285714285715,0.1458191950309886,0.0,0.4660758985211879,0.9978193146417446,1.0,0.4261573715372303,instance,informative
0,0.8180539932508437,0.8,0.673202614379085,0.5357142857142857,0.8319201323601755,1.0,0.5335648024188651,1.0,1.0,-0.6018213478429575,instance,informative
1,0.2533333333333333,0.0,0.36363636363636365,0.32142857142857145,0.21181458277168097,0.0,0.43552258371010866,0.9981308411214953,1.0,1.4827503452905582,instance,informative
1,0.21323529411764708,0.2,0.2670454545454546,0.6071428571428571,0.19405328756581242,1.0,0.5233731896553222,1.0,1.0,1.546057997962181,instance,informative
0,0.5952380952380952,0.8,0.7563218390804598,0.5,0.7787877139710458,0.5,0.5252310468453281,1.0,1.0,-0.8540476994369913,instance,informative
1,0.17462422634836428,0.4,0.2436781609195402,0.8928571428571429,0.20938437741589222,0.0,0.4746391017357503,0.9996884735202493,1.0,1.4148671164757567,instance,informative
1,0.32971014492753625,0.4,0.4236453201970444,0.6428571428571429,0.18995739359289443,0.0,0.4898827805419338,0.9993769470404984,0.975,0.6541024257529077,instance,informative
1,0.19551282051282048,0.0,0.2670454545454546,0.5357142857142857,0.5690298505594454,0.0,0.4783821746492021,0.9984423676012462,1.0,0.12656258345823235,instance,informative
1,0.3607287449392713,0.2,0.18974358974358974,0.5,0.2301225513268671,0.0,0.48934807276734793,0.9987538940809969,1.0,1.4396298890881212,instance,informative
1,0.07971014492753625,0.0,0.7840909090909091,0.25,0.6174783890474232,0.0,0.4734299151986253,0.9981308411214953,1.0,0.33499639122384095,instance,informative
1,0.16902887139107614,0.2,0.18727272727272726,0.7142857142857143,0.25327366257184736,0.3333333333333333,0.46993296797121586,0.9993769470404984,1.0,1.4017937759039387,instance,informative
0,0.8022988505747126,0.8,0.8127272727272727,0.5,0.8043296529921504,1.0,0.5156981396767298,1.0,1.0,-0.7494476773814592,instance,informative
1,0.3699494949494949,0.4,0.2670454545454546,0.7857142857142857,0.37225101365745117,1.0,0.5020288253703213,1.0,0.975,0.6975972014004932,instance,informative
1,0.0714285714285714,0.2,0.2329749103942652,0.2857142857142857,0.15404589012675146,0.0,0.49987352155516784,0.9996884735202493,1.0,1.0398553635051835,instance,informative
1,0.1923076923076923,0.0,0.326797385620915,0.5714285714285714,0.4607246998284634,0.0,0.4783986358446177,0.9981308411214953,1.0,0.8060141887815052,instance,informative
1,0.14922813036020588,0.2,0.2670454545454546,0.7857142857142857,0.3631761508741086,0.0,0.47564363913325813,0.9990654205607477,1.0,0.6006673519288429,instance,informative
1,0.20238095238095233,0.0,0.2329749103942652,0.5357142857142857,0.2880267689394498,0.0,0.48166083691367867,0.9981308411214953,1.0,0.704962269720232,instance,informative
1,0.2537735849056604,0.8,0.18974358974358974,0.6071428571428571,0.22436763487916794,0.3333333333333333,0.5083659472779416,1.0,1.0,1.2140525101109698,instance,informative
1,0.17462422634836428,0.0,0.5272727272727273,0.6071428571428571,0.29381131290494567,0.0,0.48310882236681174,0.9984423676012462,1.0,-0.001937554545043892,instance,informative
1,0.33573141486810554,0.2,0.7719298245614035,0.6428571428571429,0.2968608956319313,0.3333333333333333,0.5074210755066446,1.0,1.0,0.8347509427043464,instance,informative
0,0.7809352517985612,1.0,0.5111111111111111,0.7142857142857143,0.7737447718100404,1.0,0.5441566444582878,1.0,1.0,-0.6610498953066613,instance,informative
1,0.4190647482014389,0.2,0.2436781609195402,0.39285714285714285,0.2780468035298219,1.0,0.5035925643378938,1.0,1.0,1.0141746282692392,instance,informative
1,0.19338959212376938,0.6,0.2329749103942652,0.5,0.1592693576926849,1.0,0.5201122386167978,1.0,1.0,0.8200850597755807,instance,informative
1,0.19878787878787874,0.0,0.2436781609195402,1.0,0.2765368544628576,0.2,0.4341338589991469,0.9984423676012462,1.0,0.6768260760922561,instance,informative
1,0.2133699633699634,0.0,0.2436781609195402,0.8928571428571429,0.5455443939291525,0.0,0.46720925158133975,0.9978193146417446,1.0,0.04869943454291335,instance,informative
1,0.05844155844155852,0.2,0.48888888888888893,0.39285714285714285,0.22731892097422085,0.0,0.46562761163711974,0.9987538940809969,1.0,1.0318997577412494,instance,informative
0,0.7759259259259259,0.6,0.8333333333333334,0.5,0.605257551542913,1.0,0.5576456469046908,1.0,1.0,-0.5801539974873428,instance,informative
0,0.729559748427673,1.0,0.7563218390804598,0.5357142857142857,0.7250079077454915,1.0,0.6209800546229607,1.0,1.0,-0.8047965538212539,instance,informative
1,0.33333333333333337,0.2,0.2436781609195402,0.35714285714285715,0.1729890968653408,0.5,0.5179008979014534,1.0,1.0,1.0288874265349126,instance,informative
1,0.28308823529411764,0.2,0.5272727272727273,0.5357142857142857,0.41033170113014605,0.0,0.4832029049882147,0.9996884735202493,1.0,0.09586443520759141,instance,informative
1,0.059523809523809534,0.4,0.2670454545454546,0.6071428571428571,0.29977991269458615,1.0,0.5041249796765945,1.0,1.0,0.5351476355788468,instance,informative
1,0.22619047619047628,0.2,0.2670454545454546,0.75,0.3180751710505558,0.0,0.47084356589486154,0.9987538940809969,1.0,0.5432367610152221,instance,informative
1,0.17142857142857149,0.4,0.2329749103942652,0.2857142857142857,0.13314396703260228,0.3333333333333333,0.5081998067692637,1.0,1.0,1.4674603248313398,instance,informative
1,0.23963133640553003,0.4,0.2436781609195402,0.6071428571428571,0.4267190534502304,1.0,0.5027022577111987,1.0,1.0,0.5546411293982063,instance,informative
1,0.25,0.2,0.36363636363636365,0.35714285714285715,0.2520198781692914,1.0,0.5365785303954539,1.0,1.0,0.40903876466591327,instance,informative
1,0.09677419354838712,0.0,0.2436781609195402,0.8928571428571429,0.23397383747634148,0.0,0.47099985763645724,0.9978193146417446,1.0,0.8903773617148067,instance,informative
1,0.5129310344827587,0.4,0.6852791878172588,0.35714285714285715,0.6079868327947437,0.3333333333333333,0.48609974938260303,0.9993769470404984,1.0,-0.17868589838467078,instance,informative
1,0.26241134751773054,0.2,0.2670454545454546,0.7857142857142857,0.15754305940709157,0.2857142857142857,0.529003942361482,1.0,1.0,0.9866088378067385,instance,informative
1,0.18253968253968256,0.4,0.2329749103942652,0.5357142857142857,0.17231715152281224,0.3333333333333333,0.5003521043038919,1.0,1.0,0.8449939969024833,instance,informative
1,0.0,0.4,0.18727272727272726,0.5,0.46722438525534704,0.0,0.4800556709137267,0.9996884735202493,1.0,0.8729148385430621,instance,informative
1,0.20696721311475408,0.0,0.16666666666666663,0.7857142857142857,0.604233751986047,0.0,0.48267336022003626,0.9981308411214953,1.0,0.5920098278417003,instance,informative
1,0.19166666666666665,0.0,0.2329749103942652,0.2857142857142857,0.2065354335942825,0.0,0.4717185683341517,0.997196261682243,0.975,0.8386687596272882,instance,informative
1,0.17500000000000004,0.2,0.18974358974358974,0.6785714285714286,0.26300107622053515,0.0,0.4777170943061405,0.9996884735202493,1.0,0.8509508413354456,instance,informative
1,0.14551282051282055,0.2,0.16666666666666663,0.7857142857142857,0.2390757892207468,0.0,0.484729001354418,0.9996884735202493,1.0,1.6267694121038456,instance,informative
1,0.07777777777777772,0.0,0.2436781609195402,0.39285714285714285,0.1823133256477677,0.0,0.4667618082619128,0.9968847352024922,1.0,0.6088243046281695,instance,informative
1,0.13183060109289624,0.2,0.326797385620915,0.5,0.5660811128078858,0.0,0.4437870509787337,0.9993769470404984,1.0,0.5032822526767659,instance,informative
1,0.07971014492753625,0.2,0.18727272727272726,0.6071428571428571,0.282452942517464,0.0,0.48291876011818347,0.9990654205607477,1.0,0.6379100635712205,instance,informative
1,0.255,0.4,0.18727272727272726,0.5,0.4006551888272325,0.0,0.4884731746112666,0.9993769470404984,1.0,0.7768748593210724,instance,informative
0,0.8180327868852459,0.8,0.5763546798029557,0.7142857142857143,0.5277553243674099,1.0,0.5093868174671798,1.0,1.0,-0.9353193373272083,instance,informative
1,0.28661616161616155,0.2,0.7719298245614035,0.6428571428571429,0.3213546625037515,0.5,0.5029364312195044,1.0,1.0,0.5841172959566259,instance,informative
1,0.045454545454545414,0.2,0.4236453201970444,0.6428571428571429,0.26007271145789834,0.14285714285714285,0.48006194707009553,0.9990654205607477,1.0,0.6174870224754704,instance,informative
1,0.07971014492753625,0.0,0.7840909090909091,0.21428571428571427,0.6423957724515356,0.0,0.45946413626802873,0.9965732087227415,1.0,0.36507295631022924,instance,informative
1,0.263265306122449,0.2,0.18727272727272726,0.5,0.3751781972631115,0.3333333333333333,0.481659380699359,0.9987538940809969,1.0,0.7192750970993097,instance,informative
1,0.124074074074074,0.2,0.2670454545454546,0.5357142857142857,0.49334994386572784,0.3333333333333333,0.4719563085930375,0.9990654205607477,1.0,0.20468852316755348,instance,informative
0,0.7758838383838383,1.0,0.8102564102564103,0.6071428571428571,0.6619872250751252,0.75,0.5370538642012972,1.0,1.0,-1.0618775078600586,instance,informative
0,0.7083333333333334,0.4,0.6363636363636364,0.39285714285714285,0.6127698156742375,0.0,0.49759987639547776,0.9994407158836689,1.0,-0.7228796620306548,instance,informative
1,0.045454545454545414,0.0,0.2670454545454546,0.7857142857142857,0.22776016379370245,0.5,0.4806037037725964,0.9975077881619938,1.0,0.7365819309679472,instance,informative
1,0.11604774535809015,0.2,0.2329749103942652,0.2857142857142857,0.1473006868927217,0.0,0.46324409956141066,0.9993769470404984,1.0,1.0758339013119873,instance,informative
1,0.18213190184049077,0.2,0.2436781609195402,0.8928571428571429,0.3260475163151898,0.0,0.45850326329220814,0.9987538940809969,1.0,0.3618399691321684,instance,informative
0,0.6522988505747127,0.8,0.7563218390804598,0.42857142857142855,0.8142984199750979,1.0,0.54352392504236,1.0,1.0,-1.362534575077704,instance,informative
1,0.17142857142857149,0.2,0.18974358974358974,0.5357142857142857,0.3720495788557737,0.5,0.48192680738470106,0.9996884735202493,1.0,1.0281818228339101,instance,informative
1,0.08227848101265822,0.4,0.18666666666666665,0.39285714285714285,0.22511493306518465,0.0,0.4745493485005472,0.9996884735202493,1.0,0.5790132510319018,instance,informative
1,0.16955266955266957,0.4,0.18727272727272726,0.7142857142857143,0.20989031117100476,0.5,0.49761748649386195,0.9993769470404984,0.975,1.1939646025897344,instance,informative
1,0.19316239316239314,0.0,0.2436781609195402,1.0,0.23433008525057597,0.0,0.46960948617853093,0.9968847352024922,1.0,0.664141363055764,instance,informative
1,0.256656346749226,0.0,0.2329749103942652,0.35714285714285715,0.44164971593289604,0.0,0.49295370764444546,0.9984423676012462,1.0,0.5599601323388705,instance,informative
1,0.29166666666666674,0.2,0.5272727272727273,0.5357142857142857,0.3304746081929987,1.0,0.5040182117253625,1.0,1.0,0.6555753633162404,instance,informative
1,0.3992946708463949,0.2,0.36363636363636365,0.5,0.40724682881401,0.0,0.47970408597556324,0.9990654205607477,1.0,0.30086410656156104,instance,informative
1,0.13,0.2,0.18727272727272726,0.7142857142857143,0.24557750501089437,0.0,0.4736860521695788,0.9990654205607477,1.0,0.7504700006169083,instance,informative
1,0.21323529411764708,0.4,0.18727272727272726,0.5,0.21282040248479683,1.0,0.5072760712141614,1.0,0.975,1.119916802807295,instance,informative
1,0.08333333333333326,0.2,0.2436781609195402,1.0,0.1591531995176526,0.0,0.4566186290158245,0.9996884735202493,1.0,0.6888488472864275,instance,informative
1,0.07317073170731714,0.2,0.326797385620915,0.5714285714285714,0.29362968305738113,0.2,0.5013834286912685,1.0,1.0,0.7823136205877526,instance,informative
0,0.8308702791461412,0.8,0.5763546798029557,0.6785714285714286,0.7472594338071401,1.0,0.5155301694874028,1.0,1.0,-0.9068764372732101,instance,informative
1,0.08823529411764708,0.2,0.2670454545454546,0.7857142857142857,0.5158633428760714,1.0,0.5026682709311145,1.0,1.0,0.7218281257217638,instance,informative
1,0.17379077615298089,0.0,0.2436781609195402,0.8571428571428571,0.16366029147013744,0.0,0.4798925817937215,0.9981308411214953,1.0,0.8773403913679533,instance,informative
1,0.20833333333333326,0.0,0.2670454545454546,0.4642857142857143,0.20659839799050728,0.0,0.46058728804838145,0.9978193146417446,1.0,0.7464851907967679,instance,informative
1,0.3119218910585817,0.6,0.6852791878172588,0.39285714285714285,0.5465089005767488,0.0,0.49980837855708893,0.9996884735202493,1.0,-0.5624707758096453,instance,informative
0,0.7867647058823529,0.8,0.5111111111111111,0.42857142857142855,0.7031894170808007,1.0,0.5370238103350903,1.0,1.0,-0.5654949740810999,instance,informative
1,0.21091644204851745,0.2,0.18727272727272726,0.5,0.46885368797374205,1.0,0.5129894307889381,1.0,1.0,0.8154580880248264,instance,informative
1,0.16880341880341887,0.0,0.4236453201970444,0.7142857142857143,0.2752324240248584,0.0,0.47336945182721646,0.9959501557632399,1.0,0.26301267683326496,instance,informative
0,0.8012121212121213,0.8,0.673202614379085,0.39285714285714285,0.6572480686207582,1.0,0.5108672370288174,1.0,1.0,-0.8260702425527789,instance,informative
1,0.20752628666297723,0.2,0.7536231884057971,0.5714285714285714,0.394887960112387,1.0,0.5368451896466515,1.0,1.0,0.07818773193420704,instance,informative
1,0.3205128205128205,0.0,0.18974358974358974,0.6785714285714286,0.1618246048847845,0.0,0.45797563427408183,0.9968847352024922,1.0,0.7733351729903957,instance,informative
0,0.5,1.0,0.8127272727272727,0.5,0.8684509725914977,1.0,0.578950329233453,1.0,1.0,-1.096972814716053,instance,informative
1,0.1777777777777778,0.2,0.2670454545454546,0.7857142857142857,0.2283146199591598,1.0,0.5196401451506423,1.0,1.0,0.33837507600364447,instance,informative
1,0.16902887139107614,0.2,0.2436781609195402,0.75,0.20783137844574023,0.0,0.48780237112412017,0.9996884735202493,1.0,1.2849986326889877,instance,informative
1,0.025862068965517238,0.2,0.2436781609195402,0.8928571428571429,0.329254979164932,0.0,0.4884694919966678,0.9990654205607477,1.0,0.2666924410694412,instance,informative
1,0.10892857142857149,0.2,0.18727272727272726,0.6428571428571429,0.44440031260324,0.0,0.48235291072816977,0.9990654205607477,1.0,0.5595754630441785,instance,informative
1,0.15476190476190477,0.6,0.2670454545454546,0.7857142857142857,0.11708539158397802,1.0,0.5209099691834789,1.0,0.975,0.9392184927239725,instance,informative
1,0.2407407407407407,0.2,0.36363636363636365,0.32142857142857145,0.33482497457095484,1.0,0.5069401885115898,1.0,1.0,0.358421194664412,instance,informative
0,0.8178294573643411,0.8,0.8127272727272727,0.4642857142857143,0.7732054767378409,1.0,0.531118845008766,1.0,1.0,-0.9990242271608087,instance,informative
1,0.14102564102564097,0.2,0.18727272727272726,0.7142857142857143,0.21022648046461195,0.0,0.4928533275407191,0.9996884735202493,1.0,1.3766527098359975,instance,informative
1,0.23550724637681153,0.4,0.2329749103942652,0.5714285714285714,0.3863890348786879,0.0,0.49479091248255846,0.9996884735202493,1.0,0.49811906234196823,instance,informative
1,0.21326530612244898,0.4,0.2670454545454546,0.7857142857142857,0.17510935974514075,1.0,0.5016516198923909,1.0,1.0,0.9013853972694689,instance,informative
1,0.14551282051282055,0.0,0.48888888888888893,0.6071428571428571,0.2537879446361774,0.06666666666666667,0.4629639636952696,0.9968847352024922,1.0,1.2418366987779217,instance,informative
1,0.07051282051282048,0.4,0.18727272727272726,0.7142857142857143,0.21540327134381287,0.25,0.5074301417729645,1.0,1.0,0.6837658942797018,instance,informative
1,0.275,0.2,0.16666666666666663,0.7857142857142857,0.3462956227949555,0.0,0.4956372815454888,0.9993769470404984,1.0,0.34613771874853133,instance,informative
1,0.3338509316770186,0.0,0.36363636363636365,0.4642857142857143,0.40863487748037675,0.0,0.4665760538549464,0.9981308411214953,1.0,0.5909919436338575,instance,informative
1,0.3282828282828283,0.2,0.36363636363636365,0.32142857142857145,0.23263016411482768,0.0,0.4898278969873525,0.9996884735202493,1.0,1.0918404132564614,instance,informative
1,0.17971014492753623,0.0,0.2329749103942652,0.35714285714285715,0.4897905758308827,0.0,0.47743333288122003,0.9984423676012462,1.0,0.5225660544504563,instance,informative
0,0.8089395267309378,1.0,0.7670250896057348,0.5357142857142857,0.8635544232984742,0.8,0.539152322881312,1.0,1.0,-0.6039153461938337,instance,informative
1,0.18154761904761907,0.0,0.18727272727272726,0.75,0.24296751290602497,0.0,0.4884923789073411,0.997196261682243,0.975,0.3957917624269205,instance,informative
1,0.0,0.2,0.08333333333333337,0.10714285714285714,0.7033081021404026,0.0,0.49843276854348684,0.9996884735202493,0.975,-0.17256325806028908,instance,informative
1,0.08836206896551724,0.2,0.2329749103942652,0.6785714285714286,0.14048284340081807,0.5,0.500711381666587,1.0,1.0,1.235397079176023,instance,informative
0,0.5978260869565217,1.0,0.7670250896057348,0.21428571428571427,0.8427350352339532,1.0,0.5298803846962696,1.0,1.0,-0.8520271264175757,instance,informative
1,0.17971014492753623,0.2,0.2436781609195402,0.39285714285714285,0.34351977716310694,0.0,0.4926724572550598,0.9993769470404984,1.0,0.6609718145445912,instance,informative
0,0.7867647058823529,0.8,0.8127272727272727,0.5,0.8602303683202492,0.0,0.49698327098237494,0.9994407158836689,1.0,-1.6150882325337939,instance,informative
1,0.13227848101265827,0.0,0.2436781609195402,0.8928571428571429,0.2540872452009859,0.0,0.46532553797126286,0.9962616822429906,1.0,1.1879644826404558,instance,informative
1,0.15000000000000002,0.2,0.5714285714285714,0.39285714285714285,0.1583339882855625,0.5,0.49942962761659393,0.9996884735202493,1.0,1.1589455900081438,instance,informative
1,0.16842105263157903,0.2,0.16666666666666663,0.7857142857142857,0.14814617770687372,0.0,0.4702876330639951,0.9993769470404984,1.0,1.7366101963250793,instance,informative
1,0.2655038759689923,0.4,0.2436781609195402,0.8928571428571429,0.21161381525140766,0.0,0.4818492185861404,0.9996884735202493,1.0,0.7978127617147998,instance,informative
1,0.30601092896174864,0.2,0.2436781609195402,0.8928571428571429,0.5176450886303999,0.5,0.5087164215587221,1.0,1.0,0.6408679825019189,instance,informative
1,0.0714285714285714,0.2,0.2436781609195402,0.8928571428571429,0.24692485572332945,0.0,0.4805819002118371,0.9987538940809969,1.0,0.4877414064063107,instance,informative
1,0.3434343434343434,0.2,0.2670454545454546,0.4642857142857143,0.48775797663981446,0.0,0.4855742410535525,0.9990654205607477,1.0,0.2093635458698104,instance,informative
1,0.0714285714285714,0.0,0.2329749103942652,0.35714285714285715,0.13168208773530543,0.0,0.42971744701325,0.9975077881619938,1.0,1.1590562364743484,instance,informative
1,0.2227011494252873,0.0,0.5714285714285714,0.5,0.5260509104566848,0.0,0.46582706144010877,0.9981308411214953,1.0,0.7643282392729611,instance,informative
0,0.7505789717461788,0.6,0.6363636363636364,0.35714285714285715,0.614157441376255,0.0,0.4974398046473524,0.9994407158836689,1.0,-0.44022273666747525,instance,informative
1,0.255,0.4,0.48888888888888893,0.6785714285714286,0.154015114006123,0.3333333333333333,0.4662047514370574,0.9990654205607477,1.0,1.094139861013083,instance,informative
1,0.1428571428571429,0.2,0.326797385620915,0.5,0.30768775857511066,0.0,0.48125835484264146,0.9993769470404984,1.0,0.8568730332560751,instance,informative
1,0.07407407407407407,0.4,0.16666666666666663,0.8571428571428571,0.2419943365186628,0.0,0.4979960634197329,0.9996884735202493,1.0,1.2394044270015234,instance,informative
1,0.21326530612244898,0.0,0.2670454545454546,0.7857142857142857,0.13371851255626588,0.0,0.46384067572956134,0.9968847352024922,1.0,1.6851258604180874,instance,informative
1,0.10952380952380958,0.2,0.2670454545454546,0.7857142857142857,0.42107110596284003,0.0,0.4753606931312362,0.9990654205607477,1.0,1.3052052698048062,instance,informative
1,0.15000000000000002,0.0,0.7840909090909091,0.10714285714285714,0.43799969833077634,0.0,0.4752102387102861,0.9984423676012462,0.975,0.7508523040440621,instance,informative
1,0.08333333333333326,0.2,0.4236453201970444,0.4642857142857143,0.16929079270593606,0.0,0.46506764991852534,0.9990654205607477,1.0,1.3154331574390385,instance,informative
1,0.26225490196078427,0.2,0.2436781609195402,0.8928571428571429,0.5139397944472485,0.0,0.45394366751148363,0.9993769470404984,1.0,0.3592407367070475,instance,informative
1,0.025862068965517238,0.0,0.2329749103942652,0.35714285714285715,0.22092347253342215,0.0,0.4430184702249764,0.9956386292834891,1.0,1.076343585014534,instance,informative
1,0.07051282051282048,0.2,0.5272727272727273,0.6071428571428571,0.21170945037674888,0.5,0.5092445755583188,1.0,1.0,0.8236117649725657,instance,informative
1,0.14922813036020588,0.2,0.2670454545454546,0.7857142857142857,0.5159165034683026,0.5,0.5174241143752423,1.0,1.0,0.042824211773309556,instance,informative
1,0.2350165172251062,0.0,0.18974358974358974,0.6785714285714286,0.2741013919158224,0.4,0.47275081339727,0.9984423676012462,1.0,0.5386722548936294,instance,informative
1,0.18196721311475406,0.0,0.7840909090909091,0.25,0.48056473563724367,0.0,0.46661487220303266,0.9962616822429906,0.975,0.1748009002430961,instance,informative
1,0.24040920716112535,0.2,0.7719298245614035,0.4642857142857143,0.20484172033223602,0.0,0.4858819191406214,0.9987538940809969,1.0,0.9975388866282361,instance,informative
1,0.21904761904761905,0.4,0.18727272727272726,0.6071428571428571,0.16572086138707764,0.3333333333333333,0.463375598223537,0.9996884735202493,1.0,0.6081375526502804,instance,informative
1,0.08333333333333326,0.2,0.18727272727272726,0.75,0.12058840571020246,0.5,0.5033877496228911,1.0,1.0,1.4589358601104907,instance,informative
1,0.15333333333333332,0.0,0.39682539682539686,0.39285714285714285,0.2521467898779231,0.0,0.46148928263238287,0.9968847352024922,1.0,0.32340444738439394,instance,informative
0,0.7377450980392157,1.0,0.7563218390804598,0.5,0.5895199382320718,0.75,0.5212583881566704,1.0,1.0,-0.5634320350982607,instance,informative
0,0.6466666666666667,0.8,0.673202614379085,0.39285714285714285,0.7556458701297094,1.0,0.5183563791267138,1.0,1.0,-0.885946142558331,instance,informative
1,0.0957446808510638,0.2,0.18727272727272726,0.6428571428571429,0.13537668596445346,0.0,0.4803851500076487,0.9993769470404984,0.975,0.5190186642346292,instance,informative
1,0.07758620689655171,0.4,0.2670454545454546,0.5357142857142857,0.18659613376274453,1.0,0.5200022089654144,1.0,1.0,0.6837585060475819,instance,informative
1,0.0,0.2,0.16666666666666663,0.8571428571428571,0.32053747075951533,0.0,0.49107701292124695,0.9990654205607477,1.0,0.7517803573917695,instance,informative
1,0.1428571428571429,0.0,0.2436781609195402,0.8928571428571429,0.21746524152538527,0.0,0.4314390784657063,0.9965732087227415,1.0,0.4177539298183166,instance,informative
1,0.19166666666666665,0.4,0.2329749103942652,0.32142857142857145,0.38550085329180284,0.0,0.49559205179154275,0.9993769470404984,1.0,0.6266287873977222,instance,informative
1,0.03749999999999998,0.2,0.18974358974358974,0.6785714285714286,0.34261857671995577,0.0,0.4821094509953938,0.9993769470404984,1.0,-0.07761082156660477,instance,informative
1,0.2116161616161616,0.2,0.5272727272727273,0.5,0.3013611719289089,0.0,0.4783584385822487,0.9990654205607477,1.0,0.7733982904315541,instance,informative
1,0.3245844269466316,0.2,0.18974358974358974,0.6785714285714286,0.20365632619326862,0.2,0.482836097556414,0.9993769470404984,1.0,1.2090324833392763,instance,informative
1,0.37058823529411766,0.0,0.2670454545454546,0.5357142857142857,0.5178179589788641,0.0,0.46360758488254616,0.9975077881619938,1.0,0.978348570781832,instance,informative
1,0.05844155844155852,0.0,0.2436781609195402,0.6428571428571429,0.14068881502463454,0.0,0.47425841745619435,0.9965732087227415,1.0,0.9411703899810318,instance,informative
0,0.7952380952380953,0.6,0.8102564102564103,0.6071428571428571,0.7643818298733109,1.0,0.5188624516259246,1.0,1.0,-0.22109412841651657,instance,informative
1,0.09615384615384615,0.0,0.18727272727272726,0.7142857142857143,0.172388789690873,0.0,0.4554615875297948,0.9956386292834891,1.0,1.0718670015500111,instance,informative
1,0.0714285714285714,0.4,0.2329749103942652,0.2857142857142857,0.14854692610897846,0.0,0.49362790800497014,0.9996884735202493,1.0,0.9997470425929745,instance,informative
1,0.04477611940298509,0.0,0.2670454545454546,0.7857142857142857,0.2007601303501012,0.0,0.47440420200592814,0.9978193146417446,1.0,0.723103033612409,instance,informative
0,0.7595907928388747,1.0,0.8102564102564103,0.5357142857142857,0.8500784289001746,1.0,0.560221168608207,1.0,1.0,-1.0573179012086038,instance,informative
1,0.11956521739130432,0.2,0.16666666666666663,0.7857142857142857,0.3641134387906314,0.0,0.4996881842455896,0.9993769470404984,1.0,0.9740229377723503,instance,informative
1,0.184640522875817,0.2,0.18727272727272726,0.6071428571428571,0.16957159493394425,0.0,0.49712056280764505,0.9996884735202493,1.0,0.5840170069926306,instance,informative
1,0.07317073170731714,0.4,0.2670454545454546,0.75,0.4141206174569082,1.0,0.5039627923034196,1.0,1.0,0.4755871762828181,instance,informative
1,0.19558823529411762,0.2,0.2436781609195402,0.8928571428571429,0.5329164864881355,0.0,0.4755600189140853,0.9987538940809969,1.0,1.3578010958466191,instance,informative
1,0.17026578073089704,0.2,0.2436781609195402,0.39285714285714285,0.2855703768668203,0.0,0.4614276422830482,0.9993769470404984,1.0,0.7422333213051334,instance,informative
1,0.21326530612244898,0.2,0.2670454545454546,0.7142857142857143,0.15847442094422792,0.0,0.49735052523221235,0.9996884735202493,1.0,1.140682922426857,instance,informative
0,0.7309711286089239,1.0,0.13559322033898302,0.17857142857142858,0.3236222923478379,1.0,0.5281669661863833,1.0,1.0,0.47190787507226045,instance,informative
1,0.15333333333333332,0.0,0.36363636363636365,0.5357142857142857,0.2813607743018792,0.0,0.47959229345944276,0.9981308411214953,1.0,0.8108186045544751,instance,informative
1,0.10795454545454541,0.2,0.18727272727272726,0.6071428571428571,0.2348340966946978,0.0,0.47577473504283607,0.9996884735202493,1.0,0.9918681837502749,instance,informative
0,0.5,1.0,0.7563218390804598,0.42857142857142855,0.7464849827371124,1.0,0.5643120382738349,1.0,1.0,-0.7938570970093946,instance,informative
1,0.2655038759689923,0.4,0.2436781609195402,0.8928571428571429,0.15641993320654946,0.0,0.4974173971041226,0.9996884735202493,1.0,1.4430028605811043,instance,informative
1,0.18591426071741024,0.0,0.36363636363636365,0.4642857142857143,0.3279285657462515,0.0,0.4863410338189269,0.9978193146417446,1.0,0.8433498944361726,instance,informative
1,0.38,0.2,0.18727272727272726,0.75,0.17393932644687782,0.0,0.4849549739573663,0.9990654205607477,1.0,1.257757727007964,instance,informative
1,0.0714285714285714,0.4,0.2436781609195402,0.5714285714285714,0.26542916861835775,0.0,0.48211408958094404,0.9996884735202493,1.0,0.8749714789283521,instance,informative
1,0.24894514767932496,0.2,0.326797385620915,0.5,0.2021526788156719,0.0,0.4987651946197009,0.9996884735202493,1.0,0.9076283229862125,instance,informative
1,0.14922813036020588,0.2,0.2670454545454546,0.75,0.3444443535369506,0.0,0.4889667839414632,0.9993769470404984,1.0,0.6458521632185054,instance,informative
1,0.05844155844155852,0.2,0.18974358974358974,0.5714285714285714,0.21958792171467778,0.0,0.48218157042522114,0.9990654205607477,1.0,1.3142042955767124,instance,informative
1,0.08836206896551724,0.2,0.2436781609195402,0.42857142857142855,0.3726963374549328,0.0,0.47168658332644176,0.9987538940809969,1.0,0.3989110745868191,instance,informative
1,0.15476190476190477,0.2,0.18727272727272726,0.6428571428571429,0.29730705056708073,0.3333333333333333,0.4723017125991491,0.9996884735202493,1.0,0.9021961644954828,instance,informative
1,0.11963190184049077,0.2,0.2670454545454546,0.42857142857142855,0.287473448089577,0.2,0.4791745231927711,0.9996884735202493,1.0,0.9931960992972539,instance,informative
1,0.06432360742705567,0.2,0.2329749103942652,0.6785714285714286,0.230474576962985,0.0,0.4700751816477301,0.9987538940809969,1.0,0.9799965727101702,instance,informative
1,0.2160737812911726,0.6,0.6896551724137931,0.42857142857142855,0.372010318124972,1.0,0.5119348170506081,1.0,1.0,0.7384232410848508,instance,informative
1,0.09883720930232553,0.2,0.5272727272727273,0.4642857142857143,0.26024273479671256,0.0,0.48724643275980417,0.9996884735202493,1.0,1.0574054021732102,instance,informative
1,0.23983739837398377,0.6,0.2329749103942652,0.6071428571428571,0.37850995377138286,1.0,0.5116378278653364,1.0,1.0,-0.11578809474452859,instance,informative
1,0.1291208791208791,0.2,0.18727272727272726,0.75,0.19181250680733797,0.0,0.49241309794260446,0.9990654205607477,1.0,1.7656074999828977,instance,informative
1,0.1162046908315566,0.2,0.18974358974358974,0.5714285714285714,0.33195252077184517,0.0,0.4638900405375326,0.9993769470404984,1.0,1.0028208582462497,instance,informative
1,0.19770114942528738,0.2,0.2329749103942652,0.5714285714285714,0.15862145061705768,0.0,0.47508960014789514,0.9990654205607477,1.0,1.1150519180203589,instance,informative
1,0.164983164983165,0.2,0.36363636363636365,0.32142857142857145,0.2860330122235516,0.0,0.46552235128852637,0.9990654205607477,1.0,0.9561844592017875,instance,informative
1,0.045454545454545414,0.0,0.48888888888888893,0.5,0.2649265090003807,0.0,0.4704498917853991,0.997196261682243,1.0,0.7775881566300441,instance,informative
1,0.11016949152542366,0.0,0.08333333333333337,0.10714285714285714,0.13777331719693636,0.0,0.4491266622381451,0.9928348909657321,1.0,0.6036440070579631,instance,informative
0,0.7071428571428572,1.0,0.4727272727272728,0.4642857142857143,0.5200217150377566,1.0,0.5401224486962994,1.0,1.0,-0.7603975675758404,instance,informative
1,0.19615384615384612,0.4,0.2329749103942652,0.2857142857142857,0.470723877822223,0.0,0.49966366651022753,0.9996884735202493,1.0,0.5759139258572037,instance,informative
0,0.7377450980392157,0.6,0.6363636363636364,0.35714285714285715,0.644741947475599,0.0,0.4919446754563116,0.9994407158836689,1.0,-0.7092786381005788,instance,informative
1,0.06432360742705567,0.4,0.2329749103942652,0.35714285714285715,0.40269027684510483,0.0,0.4850294224254862,0.9990654205607477,1.0,0.8026382086887561,instance,informative
1,0.3205128205128205,0.2,0.36363636363636365,0.35714285714285715,0.4215016569082647,0.2,0.4587289859420959,0.9990654205607477,1.0,0.6395434459016309,instance,informative
1,0.14551282051282055,0.2,0.2436781609195402,0.8928571428571429,0.4554250627771257,0.0,0.4802563872338024,0.9987538940809969,1.0,0.5180217681743516,instance,informative
1,0.2273622047244095,0.0,0.2329749103942652,0.6785714285714286,0.2170163951242272,0.16666666666666666,0.4618763522397553,0.9962616822429906,1.0,0.711290116622028,instance,informative
1,0.263265306122449,0.2,0.16666666666666663,0.4642857142857143,0.2874933979226507,0.0,0.4829574819000092,0.9987538940809969,1.0,0.7540857413134916,instance,informative
1,0.22111111111111104,0.2,0.2329749103942652,0.2857142857142857,0.1599630910388542,0.0,0.4906412454150988,0.9993769470404984,1.0,0.5706179730090314,instance,informative
1,0.07777777777777772,0.2,0.18727272727272726,0.7142857142857143,0.17674359410193052,0.0,0.4801801355539794,0.9987538940809969,1.0,0.7163875812151487,instance,informative
1,0.19770114942528738,0.4,0.2436781609195402,0.5357142857142857,0.2447534262517178,0.0,0.4882161245522926,0.9993769470404984,1.0,0.15561783853890776,instance,informative
1,0.09023066485753062,0.0,0.2670454545454546,0.4642857142857143,0.2988508818177018,0.0,0.4470644447350195,0.9984423676012462,1.0,0.6033462458013593,instance,informative
0,0.7505789717461788,0.6,0.5763546798029557,0.6785714285714286,0.7924363899852664,0.0,0.4907591909926362,0.9988814317673378,1.0,-0.40580724756650727,instance,informative
1,0.14920634920634923,0.0,0.2670454545454546,0.5,0.4801685431017936,0.0,0.45819797581011334,0.9984423676012462,1.0,0.6745463250932535,instance,informative
1,0.20727848101265822,0.0,0.2670454545454546,0.42857142857142855,0.20948610478536922,0.0,0.4573242219484971,0.9978193146417446,1.0,0.6843455400230628,instance,informative
0,0.5942118226600985,0.8,0.7329545454545454,0.6071428571428571,0.6812025450811443,0.7142857142857143,0.5185464965497314,1.0,1.0,-0.36184940376624897,instance,informative
0,0.7598039215686274,1.0,0.7329545454545454,0.7142857142857143,0.7146344054885407,1.0,0.5233281176312964,1.0,1.0,-0.7385197006009001,instance,informative
1,0.12698412698412698,0.2,0.18974358974358974,0.6071428571428571,0.1863480829182781,0.0,0.47112543319530387,0.9993769470404984,1.0,1.1064747070504375,instance,informative
1,0.0957446808510638,0.4,0.326797385620915,0.39285714285714285,0.3412188752435855,1.0,0.5119857201112841,1.0,1.0,0.5388193737831427,instance,informative
1,0.125,0.0,0.2670454545454546,0.75,0.24287053658947289,0.0,0.45623632854591,0.997196261682243,1.0,0.861256969082237,instance,informative
1,0.13095238095238093,0.2,0.18974358974358974,0.6785714285714286,0.5896352207434822,0.0,0.49591888251616445,0.9993769470404984,1.0,0.8916707920252729,instance,informative
1,0.14642857142857146,0.2,0.18727272727272726,0.6428571428571429,0.15035631395285592,0.0,0.454260179805438,0.9990654205607477,0.975,1.4326650460137134,instance,informative
1,0.23963133640553003,0.2,0.2436781609195402,0.5,0.29936502862110925,0.0,0.49921546010576345,0.9996884735202493,1.0,0.6315593949727716,instance,informative
1,0.07480314960629919,0.2,0.18727272727272726,0.6428571428571429,0.19199032547847306,0.0,0.48166281089671925,0.9987538940809969,1.0,1.5340049242232867,instance,informative
1,0.2133699633699634,0.2,0.48888888888888893,0.4642857142857143,0.3534036339105562,0.5,0.5250481877482019,1.0,1.0,0.31525721808191376,instance,informative
1,0.15333333333333332,0.4,0.36363636363636365,0.5,0.3696745018345957,0.5,0.5043037873474823,1.0,1.0,0.7865987176597479,instance,informative
1,0.05844155844155852,0.0,0.18727272727272726,0.75,0.1724846129739932,0.0,0.46732406352588474,0.9984423676012462,1.0,1.2018269334354825,instance,informative
1,0.15113871635610776,0.0,0.2329749103942652,0.35714285714285715,0.30586647853976057,0.0,0.4258401523634,0.9922118380062306,1.0,0.5203400058883728,instance,informative
1,0.13227848101265827,0.0,0.2329749103942652,0.35714285714285715,0.167089226479756,0.0,0.45805931762722707,0.9975077881619938,1.0,0.8857496221682092,instance,informative
1,0.08333333333333326,0.2,0.2436781609195402,0.8928571428571429,0.5905975902093075,0.0,0.4928865920311841,0.9993769470404984,1.0,0.690560890254158,instance,informative
1,0.0,0.4,0.2436781609195402,0.8571428571428571,0.21355375739104748,0.0,0.4669987730937575,0.9993769470404984,1.0,1.1544143216247946,instance,informative
1,0.24404761904761907,0.0,0.5272727272727273,0.6071428571428571,0.557847172529792,0.0,0.47218406909217114,0.9978193146417446,1.0,0.48408711464994947,instance,informative
1,0.14574468085106385,0.0,0.2436781609195402,0.5,0.2923069791731961,0.0,0.4728023058515014,0.9981308411214953,1.0,1.000759392756241,instance,informative
1,0.0,0.0,0.2436781609195402,0.42857142857142855,0.1778938504221338,0.0,0.46033625146705426,0.9962616822429906,1.0,0.7487573383125607,instance,informative
1,0.15333333333333332,0.2,0.2329749103942652,0.35714285714285715,0.24024976184113156,0.0,0.4930293995934074,0.9993769470404984,1.0,1.0710997529318127,instance,informative
0,0.49760191846522783,0.4,0.7563218390804598,0.5357142857142857,0.7419432840903636,0.0,0.46785468301950417,0.9988814317673378,1.0,-0.3708798898493102,instance,informative
1,0.2783333333333333,0.4,0.7719298245614035,0.7142857142857143,0.3822972409975175,0.3333333333333333,0.5004453106076542,1.0,1.0,0.6354964667949817,instance,informative
1,0.14459930313588854,0.2,0.36363636363636365,0.5357142857142857,0.5983124570989439,0.0,0.4992582703350301,0.9993769470404984,1.0,-0.2663030317508893,instance,informative
1,0.07480314960629919,0.0,0.18727272727272726,0.5357142857142857,0.1782920724757952,0.0,0.48016731654210343,0.9975077881619938,1.0,0.667195942288986,instance,informative
1,0.19883720930232562,0.4,0.18727272727272726,0.7142857142857143,0.13933205588932773,0.0,0.4977898146792905,0.9996884735202493,1.0,1.1027467159824396,instance,informative
1,0.10999999999999999,0.4,0.2329749103942652,0.2857142857142857,0.23436142064211696,0.0,0.4762964857474131,0.9993769470404984,1.0,0.6671586836756673,instance,informative
1,0.21963190184049075,0.2,0.2436781609195402,0.7857142857142857,0.5213928522770025,0.0,0.4860043681412495,0.9990654205607477,1.0,0.4974486975196925,instance,informative
1,0.11956521739130432,0.2,0.16666666666666663,0.7857142857142857,0.5157703185674888,0.0,0.47114411065603734,0.9987538940809969,1.0,0.5593223575590612,instance,informative
1,0.07758620689655171,0.2,0.2329749103942652,0.5357142857142857,0.19136912364967146,0.25,0.48892163648630294,0.9996884735202493,1.0,1.112531290003121,instance,informative
1,0.14574468085106385,0.2,0.2670454545454546,0.7857142857142857,0.17995419971220356,0.0,0.48861777389431005,0.9993769470404984,1.0,1.24665737846737,instance,informative
1,0.326844262295082,0.4,0.2670454545454546,0.7857142857142857,0.4676966601153528,0.0,0.49279237428287326,0.9993769470404984,1.0,0.7621829621934886,instance,informative
0,0.6702898550724637,1.0,0.7670250896057348,0.39285714285714285,0.7624361078491205,1.0,0.5219810681701812,1.0,1.0,-0.28241757138111767,instance,informative
1,0.16842105263157903,0.2,0.16666666666666663,0.7857142857142857,0.29823466811027455,0.0,0.47730672532524165,0.9993769470404984,1.0,1.1694843355979603,instance,informative
0,0.0,1.0,0.7563218390804598,0.35714285714285715,0.6496124728432314,1.0,0.5305351109598861,1.0,0.975,-0.9519680628150518,instance,informative
1,0.03749999999999998,0.0,0.16666666666666663,0.7142857142857143,0.27749228020725625,0.0,0.4577199819860439,0.9950155763239875,0.975,0.8687062142136658,instance,informative
1,0.1821705426356589,0.2,0.16666666666666663,0.7857142857142857,0.2469902203365898,0.0,0.489063841523131,0.9993769470404984,1.0,0.6270131841291896,instance,informative
1,0.1690647482014389,0.0,0.18727272727272726,0.6071428571428571,0.4107904826109936,0.0,0.45633253701785315,0.9953271028037384,1.0,1.0022764291356439,instance,informative
1,0.139344262295082,0.2,0.2436781609195402,0.8928571428571429,0.4657035003294302,0.0,0.4781145091459985,0.9990654205607477,1.0,1.1325375764239505,instance,informative
1,0.605921052631579,0.2,0.2436781609195402,0.8928571428571429,0.20311432272763763,0.0,0.4626531169306993,0.9987538940809969,1.0,0.9604418540580855,instance,informative
1,0.11963190184049077,0.2,0.2329749103942652,0.35714285714285715,0.3367658105282453,0.5,0.5095318621215619,1.0,1.0,1.246118909609185,instance,informative
1,0.0,0.6,0.18727272727272726,0.35714285714285715,0.4647609087066711,0.0,0.4985627154744382,0.9996884735202493,1.0,0.6963000804748539,instance,informative
1,0.19327129563350032,0.0,0.2436781609195402,0.6428571428571429,0.24435839510934387,0.0,0.4664425749958335,0.9959501557632399,1.0,0.9624627175619289,instance,informative
1,0.1529652351738241,0.0,0.18727272727272726,0.6071428571428571,0.24577304997536525,0.0,0.4661283512812303,0.9978193146417446,1.0,0.9853462890733019,instance,informative
0,0.4309352517985612,0.8,0.8127272727272727,0.5,0.7845103197918029,1.0,0.513563880900382,1.0,1.0,-0.636643194975668,instance,informative
1,0.1964285714285714,0.0,0.18727272727272726,0.7142857142857143,0.17400920979942247,0.0,0.4698402847175358,0.9975077881619938,1.0,0.965415994551808,instance,informative
1,0.20685579196217496,0.2,0.2436781609195402,0.5,0.18197459158641582,0.0,0.455162062909928,0.9990654205607477,1.0,0.43844163608031367,instance,informative
1,0.36,0.2,0.7536231884057971,0.5357142857142857,0.48786308220972285,1.0,0.5011034914553005,1.0,1.0,0.6642210355729707,instance,informative
1,0.19999999999999996,0.4,0.2329749103942652,0.5357142857142857,0.26227174292915123,0.6666666666666666,0.5089443498231949,1.0,1.0,0.5047651621080029,instance,informative
1,0.050000000000000044,0.0,0.18727272727272726,0.75,0.14367915670801273,0.0,0.4729584859862819,0.997196261682243,1.0,1.0497261536815463,instance,informative
1,0.0957446808510638,0.2,0.2436781609195402,0.8571428571428571,0.17216681825275548,0.0,0.4655151585826536,0.9990654205607477,1.0,1.1420156070358483,instance,informative
1,0.256656346749226,0.2,0.16666666666666663,0.8571428571428571,0.41670351604103273,1.0,0.5036876075818093,1.0,1.0,0.11526729171385589,instance,informative
0,0.7071428571428572,0.8,0.6363636363636364,0.32142857142857145,0.4696809033721006,0.5,0.4998090474757886,0.9994407158836689,1.0,-0.4730967124765222,instance,informative
1,0.12698412698412698,0.0,0.18727272727272726,0.75,0.17495290237379518,0.0,0.4529546700707481,0.9962616822429906,1.0,1.108869222639741,instance,informative
1,0.26225490196078427,0.2,0.18727272727272726,0.6071428571428571,0.30064916352335624,0.5,0.49514682292647927,0.9993769470404984,1.0,0.5123132594160096,instance,informative
0,0.7216666666666667,0.8,0.22807017543859653,0.5,0.671426962098645,1.0,0.5119377543240394,1.0,1.0,-0.42166138739676484,instance,informative
1,0.03749999999999998,0.0,0.18727272727272726,0.8214285714285714,0.42041207576630446,0.0,0.47187934375738727,0.9978193146417446,1.0,0.3314863403032482,instance,informative
1,0.27717391304347827,0.0,0.36363636363636365,0.5,0.39698927066231654,0.0,0.46909129581012354,0.997196261682243,0.975,0.6720731815855107,instance,informative
1,0.0,0.0,0.2436781609195402,0.35714285714285715,0.17974169050340755,0.0,0.4830031770397072,0.9965732087227415,1.0,0.5946281301336707,instance,informative
1,0.389344262295082,0.2,0.48888888888888893,0.42857142857142855,0.5317035821056846,0.0,0.49986857099297255,0.9996884735202493,1.0,0.5368238821344611,instance,informative
1,0.1339285714285714,0.0,0.16666666666666663,0.7857142857142857,0.18558413688390457,0.0,0.46987385339853005,0.9968847352024922,1.0,0.8256790598808532,instance,informative
1,0.255,0.2,0.18727272727272726,0.6071428571428571,0.23700642701243407,0.0,0.4668798784065231,0.9990654205607477,1.0,1.2800664454964206,instance,informative
1,0.0714285714285714,0.0,0.18974358974358974,0.6071428571428571,0.17013627360846695,0.0,0.46389560601326785,0.9962616822429906,1.0,1.1895573526564012,instance,informative
0,0.62,0.6,0.8127272727272727,0.4642857142857143,0.7457897503314131,0.0,0.4838302894730906,0.9994407158836689,1.0,-0.9101455785488619,instance,informative
1,0.18591426071741024,0.0,0.7719298245614035,0.42857142857142855,0.24671249811563706,0.1,0.46161912267633065,0.9975077881619938,1.0,0.8395920251557141,instance,informative
1,0.23897058823529416,0.0,0.18727272727272726,0.7142857142857143,0.19984514607656606,0.0,0.44733428737888936,0.9925233644859813,1.0,0.8773612844765772,instance,informative
1,0.08227848101265822,0.0,0.2329749103942652,0.5357142857142857,0.12603622205365672,0.0,0.4489673123042255,0.9950155763239875,1.0,1.3942310102184572,instance,informative
1,0.42500000000000004,0.2,0.326797385620915,0.5,0.34775497438445646,0.0,0.4921059559430444,0.9996884735202493,1.0,0.4468663279385821,instance,informative
1,0.1428571428571429,0.0,0.2436781609195402,0.42857142857142855,0.22888020914282803,0.0,0.42589751897999617,0.9959501557632399,1.0,0.8070036219278239,instance,informative
1,0.2401372212692967,0.2,0.2670454545454546,0.6071428571428571,0.24981563153220387,0.2,0.49404273259710896,0.9996884735202493,1.0,0.5203387447268538,instance,informative
1,0.2629310344827587,0.2,0.2670454545454546,0.6071428571428571,0.24682276171120193,0.0,0.4795926697276699,0.9993769470404984,1.0,1.0636537841885465,instance,informative
1,0.24942102825382118,0.2,0.5272727272727273,0.6071428571428571,0.35090671003638596,0.25,0.49259063661610547,0.9996884735202493,1.0,0.35609486033485477,instance,informative
1,0.10795454545454541,0.0,0.7719298245614035,0.42857142857142855,0.37746983982588356,0.0,0.48519239427838357,0.9984423676012462,1.0,0.8774686963446037,instance,informative
1,0.2195652173913043,0.2,0.18974358974358974,0.6785714285714286,0.29686160216918156,0.125,0.4697046161585132,0.9990654205607477,1.0,0.16494548032741616,instance,informative
1,0.24040920716112535,0.2,0.2329749103942652,0.6071428571428571,0.2450634472474274,0.0,0.4798938322645293,0.9990654205607477,1.0,1.240137318626265,instance,informative
1,0.2227011494252873,0.4,0.18727272727272726,0.7142857142857143,0.15941847795064357,0.5,0.5156727163994749,1.0,1.0,0.8522271138773573,instance,informative
1,0.20833333333333326,0.2,0.48888888888888893,0.4642857142857143,0.22998697254189543,0.0,0.48008786444288243,0.9987538940809969,1.0,1.306481606120493,instance,informative
1,0.19770114942528738,0.0,0.326797385620915,0.5714285714285714,0.12995243566583448,0.0,0.4574662426537561,0.997196261682243,1.0,1.0759893730913823,instance,informative
1,0.1923076923076923,0.2,0.2436781609195402,0.8928571428571429,0.2549502944008909,0.5,0.4899106524013379,0.9996884735202493,1.0,0.8353710894397912,instance,informative
1,0.08333333333333326,0.2,0.16666666666666663,0.7857142857142857,0.2766294605764369,0.0,0.4643934666038271,0.9987538940809969,1.0,0.7947041957891053,instance,informative
1,0.10844155844155845,0.2,0.18666666666666665,0.5,0.2084959422611597,0.0,0.4623055525825437,0.9990654205607477,1.0,0.7714993716943302,instance,informative
1,0.14920634920634923,0.0,0.2670454545454546,0.6071428571428571,0.2830827698933799,0.0,0.47752021186361715,0.9965732087227415,1.0,0.2525875212125655,instance,informative
1,0.13,0.0,0.36363636363636365,0.32142857142857145,0.2544173903351468,0.0,0.47331992865629047,0.9984423676012462,1.0,0.8478783250359135,instance,informative
1,0.13749999999999996,0.4,0.18727272727272726,0.4642857142857143,0.27762792088697374,0.0,0.4839664467513598,0.9996884735202493,1.0,1.0529952714790967,instance,informative
1,0.2401372212692967,0.4,0.2436781609195402,1.0,0.1708884394499962,0.3333333333333333,0.5247783223887625,1.0,1.0,0.7792867502505748,instance,informative
1,0.33744221879815095,0.2,0.6896551724137931,0.42857142857142855,0.26446671916815256,0.0,0.4842658505856774,0.9987538940809969,1.0,0.7632640003484351,instance,informative
0,0.8067287043664997,1.0,0.7563218390804598,0.39285714285714285,0.770241789352235,1.0,0.5121543293999895,1.0,1.0,-0.42955556729475175,instance,informative
1,0.1162046908315566,0.0,0.2670454545454546,0.7857142857142857,0.22319196645771655,0.0,0.4836195317908075,0.9984423676012462,1.0,1.2219830019833027,instance,informative
1,0.21323529411764708,0.4,0.18727272727272726,0.5,0.15807743681599662,0.0,0.4961202319636284,0.9996884735202493,1.0,1.390867372952841,instance,informative
1,0.14901477832512322,0.2,0.2329749103942652,0.6785714285714286,0.14343263701985637,0.1,0.501690733673011,1.0,1.0,0.9722452951382133,instance,informative
0,0.7466666666666667,1.0,0.5111111111111111,0.5714285714285714,0.7348506654568423,1.0,0.5406939562506556,1.0,1.0,-0.9356826362863037,instance,informative
1,0.07352941176470584,0.2,0.2329749103942652,0.35714285714285715,0.19091830523310394,0.0,0.4969465855879891,0.9990654205607477,1.0,0.45528200282602266,instance,informative
0,0.5,0.6,0.4727272727272728,0.5357142857142857,0.5788641868264134,1.0,0.525022252717235,1.0,1.0,-0.31076429111726916,instance,informative
1,0.050000000000000044,0.2,0.2436781609195402,0.6428571428571429,0.1579558611868651,0.0,0.49984503199191377,0.9996884735202493,1.0,0.7133231521270197,instance,informative
1,0.22411616161616155,0.0,0.16666666666666663,0.8571428571428571,0.26296708226761056,0.0,0.48385815636074025,0.9978193146417446,1.0,0.5278704724914922,instance,informative
1,0.10377358490566035,0.0,0.2436781609195402,0.6428571428571429,0.2265463977267168,0.0,0.4760004214592404,0.9981308411214953,1.0,0.18029431313706507,instance,informative
1,0.10236220472440949,0.6,0.18727272727272726,0.7142857142857143,0.16318382199778503,0.0,0.4698768388860124,0.9996884735202493,1.0,0.4511696924419093,instance,informative
1,0.2890888638920135,0.2,0.2436781609195402,0.8928571428571429,0.48395493071195006,0.0,0.4950285689880256,0.9993769470404984,1.0,0.42807818951251686,instance,informative
1,0.09883720930232553,0.2,0.5272727272727273,0.6071428571428571,0.27920056640618895,1.0,0.5087659435771672,1.0,1.0,-0.01729269828331557,instance,informative
1,0.14551282051282055,0.0,0.48888888888888893,0.5,0.13658990612131766,0.0,0.4796556381055941,0.9981308411214953,0.975,0.9411778314704575,instance,informative
1,0.10377358490566035,0.2,0.2670454545454546,0.5357142857142857,0.1737231773114643,0.0,0.4901918835491763,0.9996884735202493,1.0,0.6208832965115042,instance,informative
1,0.2047619047619048,0.4,0.2436781609195402,0.8928571428571429,0.2550462449120749,1.0,0.5154751717586689,1.0,1.0,0.35414181086852403,instance,informative
0,0.0,0.8,0.6363636363636364,0.5357142857142857,0.6211127058021803,1.0,0.5209002247503272,1.0,1.0,-0.33366295566924087,instance,informative
1,0.22044334975369462,0.0,0.36363636363636365,0.32142857142857145,0.15514194356257704,0.0,0.4668618049608261,0.9956386292834891,1.0,0.9983195908097157,instance,informative
1,0.19558823529411762,0.4,0.2436781609195402,0.39285714285714285,0.41395387092429736,1.0,0.5177420798208515,1.0,1.0,0.17179894635282744,instance,informative
0,0.7505789717461788,0.6,0.6363636363636364,0.39285714285714285,0.43858565835961105,0.0,0.4926104236742903,0.9994407158836689,1.0,0.3809757688351508,instance,informative
1,0.2666666666666666,0.4,0.2436781609195402,0.35714285714285715,0.4826418266001593,0.0,0.49437056537662505,0.9996884735202493,1.0,0.10209603382087482,instance,informative
0,0.625,1.0,0.5111111111111111,0.6071428571428571,0.7353902382761865,1.0,0.5214586827751402,1.0,0.975,-0.7471604082794949,instance,informative
1,0.13657407407407407,0.2,0.36363636363636365,0.4642857142857143,0.37448075808990977,0.5,0.5100612654759136,1.0,1.0,1.0255629808112627,instance,informative
1,0.14901477832512322,0.2,0.18727272727272726,0.7142857142857143,0.1686070097432083,0.25,0.4793487259425969,0.9993769470404984,1.0,1.0114588933036948,instance,informative
1,0.025000000000000022,0.0,0.2329749103942652,0.2857142857142857,0.15968586106043814,0.0,0.45025256821297477,0.9968847352024922,1.0,0.8766277933462712,instance,informative
1,0.07407407407407407,0.0,0.2670454545454546,0.42857142857142855,0.2732204867431315,0.0,0.47886878628053087,0.9968847352024922,0.975,0.6950939169198423,instance,informative
1,0.16758241758241765,0.2,0.2436781609195402,0.32142857142857145,0.2537331697211359,0.0,0.46095384921529536,0.9993769470404984,1.0,0.42566323862536365,instance,informative
1,0.15333333333333332,0.2,0.2436781609195402,1.0,0.3641568407419734,0.0,0.46638916014294973,0.9993769470404984,1.0,0.3522233589383498,instance,informative
1,0.1821705426356589,0.0,0.16666666666666663,0.7857142857142857,0.4787216221747036,0.0,0.48446398890923437,0.9984423676012462,1.0,-0.046162683810943135,instance,informative
1,0.5098039215686274,0.2,0.2436781609195402,0.42857142857142855,0.21839112188867588,0.6666666666666666,0.45860430722227696,0.9990654205607477,1.0,0.5321711683675849,instance,informative
1,0.09558823529411764,0.4,0.48888888888888893,0.6785714285714286,0.5272112132070708,0.0,0.4907891804782655,0.9993769470404984,1.0,0.5586472878278477,instance,informative
1,0.2655038759689923,0.0,0.4236453201970444,0.7142857142857143,0.2375379217613749,0.0,0.4858529537130196,0.9984423676012462,1.0,0.2891315557964448,instance,informative
1,0.10844155844155845,0.0,0.18727272727272726,0.6071428571428571,0.1813736369806156,0.0,0.46269377579820525,0.9978193146417446,1.0,0.7017579320822259,instance,informative
1,0.11688311688311692,0.2,0.16666666666666663,0.8571428571428571,0.2821066586077361,0.0,0.47783368644942337,0.9987538940809969,1.0,0.760458544603675,instance,informative
1,0.14016393442622954,0.2,0.36363636363636365,0.39285714285714285,0.19646694228431993,0.5,0.48358732029477947,0.9996884735202493,1.0,0.18657743450124115,instance,informative
1,0.04477611940298509,0.0,0.18974358974358974,0.6785714285714286,0.15388890063018257,0.0,0.4867388885895767,0.9981308411214953,1.0,1.2959519486433273,instance,informative
1,0.20752628666297723,0.0,0.326797385620915,0.5,0.5111968874410519,0.0,0.46932456865462335,0.997196261682243,1.0,0.37664542141417084,instance,informative
1,0.13749999999999996,0.4,0.2436781609195402,0.35714285714285715,0.20186572801641167,0.3333333333333333,0.488824122396042,0.9996884735202493,1.0,0.986584296366447,instance,informative
1,0.0,0.0,0.36363636363636365,0.5357142857142857,0.39990233870214564,0.0,0.47672873234660496,0.9984423676012462,0.975,1.2343791660543437,instance,informative
1,0.12025769506084472,0.2,0.2329749103942652,0.35714285714285715,0.1633422888379999,0.0,0.49232084011895605,0.9990654205607477,1.0,0.692729004269698,instance,informative
1,0.10377358490566035,0.2,0.2670454545454546,0.75,0.2147096275022936,0.0,0.4974693407040671,0.9996884735202493,1.0,1.2769935137828747,instance,informative
1,0.3840579710144928,0.4,0.18974358974358974,0.6785714285714286,0.5770834266552604,1.0,0.5063148522895806,1.0,1.0,-0.42765020883697297,instance,informative
1,0.17480314960629917,0.0,0.18727272727272726,0.75,0.20595557150354216,0.0,0.48293470835795926,0.9978193146417446,1.0,0.3757974024662192,instance,informative
0,0.6462994836488812,0.8,0.7329545454545454,0.75,0.6473861305549063,1.0,0.5307729617016945,1.0,1.0,-0.42667925144208935,instance,informative
1,0.20236220472440936,0.2,0.18974358974358974,0.6785714285714286,0.15358487465972737,0.0,0.4764453404180776,0.9990654205607477,1.0,0.7852873641897862,instance,informative
1,0.17462422634836428,0.2,0.2329749103942652,0.2857142857142857,0.2149512725829415,0.0,0.49768241930404644,0.9996884735202493,1.0,0.28870545510651496,instance,informative
1,0.21326530612244898,0.2,0.2670454545454546,0.5357142857142857,0.3056657838379815,0.0,0.469444533876045,0.9990654205607477,1.0,0.8952834359029817,instance,informative
1,0.17462422634836428,0.2,0.2436781609195402,0.39285714285714285,0.31476309628111965,0.0,0.4833291152916227,0.9996884735202493,1.0,-0.07771819160311201,instance,informative
1,0.21323529411764708,0.4,0.18727272727272726,0.5,0.12444588734231948,0.0,0.48888337492082645,0.9996884735202493,1.0,0.9767889835270355,instance,informative
1,0.07051282051282048,0.4,0.18727272727272726,0.75,0.2850530505302888,1.0,0.5039279069205335,1.0,1.0,0.6875624103226452,instance,informative
0,0.6384335154826959,0.8,0.7329545454545454,0.5357142857142857,0.5255720903576967,1.0,0.5054789187842985,1.0,0.975,-0.3757762815188682,instance,informative
1,0.10236220472440949,0.4,0.36363636363636365,0.32142857142857145,0.18056804997876197,0.0,0.49780246785717663,0.9993769470404984,1.0,0.616211555720467,instance,informative
1,0.17379077615298089,0.4,0.2329749103942652,0.35714285714285715,0.1422564716945655,0.0,0.4894562526785382,0.9990654205607477,1.0,0.8290141882139682,instance,informative
1,0.14574468085106385,0.0,0.2436781609195402,0.8928571428571429,0.14829646618365544,0.0,0.4725756233084689,0.9962616822429906,1.0,1.2571079111581498,instance,informative
1,0.20788530465949817,0.2,0.39682539682539686,0.39285714285714285,0.16133389370729329,0.25,0.5237649915778217,1.0,1.0,0.9947810868423034,instance,informative
1,0.3112781954887218,0.0,0.18974358974358974,0.5714285714285714,0.5365033113663794,0.0,0.4700532023855645,0.9981308411214953,1.0,0.34108047475337805,instance,informative
1,0.13749999999999996,0.2,0.2329749103942652,0.35714285714285715,0.36703301790366527,0.0,0.4745434620744453,0.9987538940809969,1.0,0.8476879916479743,instance,informative
1,0.1779279279279279,0.0,0.2436781609195402,1.0,0.2814948333766427,0.0,0.4611449322974184,0.9965732087227415,1.0,0.9182732466295935,instance,informative
0,0.833976833976834,1.0,0.8127272727272727,0.5,0.7606380546270843,1.0,0.5376740001983603,1.0,1.0,-0.3749025185617845,instance,informative
1,0.11956521739130432,0.2,0.2329749103942652,0.35714285714285715,0.3359360044643601,1.0,0.5025189059677695,1.0,1.0,0.5435043783311279,instance,informative
1,0.12872628726287272,0.4,0.2436781609195402,0.8928571428571429,0.14843278556952522,0.0,0.4963920905573551,0.9996884735202493,1.0,0.48631515199953185,instance,informative
1,0.05844155844155852,0.0,0.18974358974358974,0.6785714285714286,0.2631196655620083,0.0,0.4688379489803318,0.9956386292834891,1.0,0.9082790403521998,instance,informative
1,0.14588377723970947,0.0,0.2329749103942652,0.32142857142857145,0.2067816048632568,0.0,0.43546060253973007,0.9950155763239875,1.0,1.164849489155091,instance,informative
1,0.18196721311475406,0.2,0.2436781609195402,0.5357142857142857,0.24300412835437124,0.0,0.49148481429969604,0.9993769470404984,0.975,0.6739049248585066,instance,informative
0,0.8111111111111111,0.6,0.7329545454545454,0.75,0.5296333734817977,1.0,0.511531836630724,1.0,1.0,-1.0774433397468912,instance,informative
1,0.21906474820143884,0.0,0.48888888888888893,0.4642857142857143,0.178240548614356,0.0,0.4450709894556917,0.9956386292834891,1.0,0.9027815802106122,instance,informative
1,0.2766666666666666,0.2,0.18666666666666665,0.5,0.19143621155381058,0.3333333333333333,0.4793563221508782,0.9996884735202493,1.0,1.0597140289277556,instance,informative
1,0.14642857142857146,0.2,0.18727272727272726,0.7142857142857143,0.26443282187096984,1.0,0.5042019306407961,1.0,1.0,1.06507509584737,instance,informative
1,0.12142857142857144,0.2,0.2436781609195402,0.6428571428571429,0.21449383235049346,0.0,0.4879147013552011,0.9990654205607477,1.0,1.147814375192521,instance,informative
1,0.16842105263157903,0.0,0.16666666666666663,0.8571428571428571,0.23612367536928547,0.0,0.4590873872164294,0.9962616822429906,1.0,0.5357912918120531,instance,informative
1,0.31084337349397595,0.0,0.4236453201970444,0.7142857142857143,0.18967734315345552,0.0,0.4508983460862811,0.9975077881619938,1.0,0.6626426944054136,instance,informative
0,0.7583333333333333,1.0,0.6363636363636364,0.5357142857142857,0.7933147635720701,1.0,0.5543605922609578,1.0,1.0,-1.2987038956730819,instance,informative
0,0.7109111361079865,0.8,0.7563218390804598,0.42857142857142855,0.7951076452594399,1.0,0.5208290053049468,1.0,1.0,-0.7904454219146693,instance,informative
1,0.09340659340659341,0.4,0.39682539682539686,0.4642857142857143,0.17789811010226986,1.0,0.5146230758890589,1.0,1.0,1.0279523306956395,instance,informative
1,0.10236220472440949,0.0,0.18727272727272726,0.75,0.17428415336835712,0.0,0.468196422325602,0.9962616822429906,1.0,0.6353192697667731,instance,informative
0,0.7866666666666666,1.0,0.673202614379085,0.5357142857142857,0.7982224166456406,1.0,0.5559511090777673,1.0,1.0,-1.354059476619637,instance,informative
1,0.3242857142857143,0.4,0.2329749103942652,0.35714285714285715,0.19409254304124868,1.0,0.530721011201279,1.0,1.0,0.45312361498437387,instance,informative
1,0.09999999999999998,0.0,0.2670454545454546,0.42857142857142855,0.29228346980702025,0.0,0.4688059897910487,0.9975077881619938,0.95,0.5240605237244964,instance,informative
1,0.18710691823899372,0.2,0.4236453201970444,0.6785714285714286,0.19781634500365752,0.25,0.49055914848641835,0.9993769470404984,1.0,0.6388086048891869,instance,informative
1,0.13301282051282048,0.2,0.2436781609195402,0.5357142857142857,0.3907054198873753,0.16666666666666666,0.5095708280581366,1.0,1.0,0.22084311341542434,instance,informative
1,0.30236220472440944,0.2,0.18666666666666665,0.5,0.22128289746734786,0.0,0.49345390104006703,0.9996884735202493,1.0,0.6650909903356778,instance,informative
1,0.12872628726287272,0.0,0.2436781609195402,0.8928571428571429,0.27959613152652374,0.0,0.4554782357793944,0.997196261682243,1.0,0.5572368233851474,instance,informative
1,0.11956521739130432,0.2,0.2329749103942652,0.6785714285714286,0.16658932084133016,0.3333333333333333,0.47871074328438745,0.9996884735202493,1.0,0.09038336074352352,instance,informative
1,0.15217391304347827,0.2,0.16666666666666663,0.7857142857142857,0.3301837904863355,0.0,0.4684173669935551,0.9990654205607477,1.0,0.4306823144050905,instance,informative
1,0.13752276867030966,0.2,0.4236453201970444,0.6428571428571429,0.20585058734995126,0.2,0.482442822230678,0.9987538940809969,1.0,0.9682649156228066,instance,informative
1,0.12810945273631846,0.2,0.2670454545454546,0.6071428571428571,0.17094933669919005,0.0,0.48183129191641527,0.9993769470404984,1.0,0.9942818943448017,instance,informative
1,0.19551282051282048,0.0,0.48888888888888893,0.6785714285714286,0.34025322897116717,0.0,0.47688916701782114,0.9975077881619938,1.0,0.5908227683082611,instance,informative
1,0.09883720930232553,0.0,0.16666666666666663,0.8571428571428571,0.13940296505593164,0.0,0.45921877389619725,0.9968847352024922,1.0,1.2003953875006614,instance,informative
1,0.17462422634836428,0.2,0.18727272727272726,0.7142857142857143,0.17470578996995922,0.2,0.47964513328389513,0.9990654205607477,1.0,1.121674583720287,instance,informative
1,0.11016949152542366,0.2,0.2329749103942652,0.35714285714285715,0.22060346720437812,0.0,0.49104707596919706,0.9987538940809969,1.0,0.5694021602034628,instance,informative
1,0.45833333333333337,0.6,0.2329749103942652,0.5357142857142857,0.1450085139142977,1.0,0.5431382804470624,1.0,1.0,0.8397136918906051,instance,informative
1,0.3615664845173041,0.2,0.2436781609195402,0.8928571428571429,0.6129461831187064,0.3333333333333333,0.4772823953754577,0.9993769470404984,1.0,0.2667373489085635,instance,informative
1,0.26436781609195403,0.4,0.2436781609195402,0.39285714285714285,0.3283724526957741,0.6,0.5187700544754588,1.0,1.0,0.5656573494771674,instance,informative
1,0.1478167501789549,0.0,0.2436781609195402,0.8928571428571429,0.4059974080733789,0.0,0.4736661953585094,0.9981308411214953,1.0,0.27465135343692476,instance,informative
0,0.7596153846153846,0.6,0.7329545454545454,0.4642857142857143,0.3912770012543648,0.0,0.4919884121588829,0.9994407158836689,1.0,-0.4630563767320902,instance,informative
1,0.025000000000000022,0.4,0.39682539682539686,0.4642857142857143,0.3869033335122151,0.0,0.4924546233623748,0.9996884735202493,1.0,0.4921749042062603,instance,informative
0,0.40373563218390807,0.6,0.7670250896057348,0.6071428571428571,0.7330779579330982,0.6666666666666666,0.4985749508627856,0.9994407158836689,1.0,-0.8379663251871211,instance,informative
1,0.19907407407407407,0.2,0.2329749103942652,0.5357142857142857,0.2265593096704454,0.5,0.519452920756799,1.0,1.0,0.4812246282155741,instance,informative
0,0.4222222222222223,1.0,0.8333333333333334,0.5714285714285714,0.6360295190775515,1.0,0.5228634515544293,1.0,1.0,-0.2681388137014912,instance,informative
1,0.10377358490566035,0.2,0.48888888888888893,0.4642857142857143,0.37534868360515417,0.0,0.48550508300613027,0.9987538940809969,1.0,0.7346117597526184,instance,informative
0,0.5809352517985611,1.0,0.7563218390804598,0.5357142857142857,0.6940489437554394,1.0,0.5955766712224531,1.0,1.0,-0.5381411133633592,instance,informative
1,0.17142857142857149,0.0,0.16666666666666663,0.7857142857142857,0.24840782438847542,0.0,0.46816356790402613,0.9965732087227415,1.0,0.6980299064932183,instance,informative
1,0.125,0.2,0.18727272727272726,0.6428571428571429,0.3110476579014487,1.0,0.502051968803366,1.0,1.0,1.0433056694228755,instance,informative
1,0.2766666666666666,0.0,0.18727272727272726,0.6785714285714286,0.2421899518565141,0.0,0.47302949887453727,0.9956386292834891,1.0,1.1548503208787178,instance,informative
1,0.125,0.2,0.2329749103942652,0.5,0.20020513438826015,0.0,0.49245177343144775,0.9993769470404984,1.0,0.9604812311099006,instance,informative
1,0.16666666666666674,0.2,0.2436781609195402,0.5,0.439944335269395,0.0,0.482960912061427,0.9996884735202493,1.0,0.5424604343890612,instance,informative
1,0.19655497876356764,0.6,0.2436781609195402,0.8928571428571429,0.36102239117538026,0.0,0.4968855729461742,0.9996884735202493,1.0,0.6857066382132901,instance,informative
1,0.09340659340659341,0.6,0.2436781609195402,0.5714285714285714,0.39646454779849705,0.6666666666666666,0.5314150572653497,1.0,1.0,0.33314196826350273,instance,informative
1,0.275,0.6,0.36363636363636365,0.5,0.45717406659139115,0.75,0.5035369328308088,1.0,1.0,0.4076843550699598,instance,informative
1,0.2116161616161616,0.0,0.36363636363636365,0.32142857142857145,0.3957619890186241,0.0,0.459821449448346,0.9956386292834891,1.0,0.46225360707837143,instance,informative
1,0.17462422634836428,0.2,0.18727272727272726,0.7142857142857143,0.21066952019394813,0.2857142857142857,0.4767032407255851,0.9993769470404984,1.0,0.9026363461931134,instance,informative
1,0.41326530612244894,0.2,0.16666666666666663,0.7857142857142857,0.2543215544219509,0.3333333333333333,0.47987490607516337,0.9987538940809969,1.0,1.1908078159615878,instance,informative
1,0.24040920716112535,0.2,0.18974358974358974,0.6785714285714286,0.20300311708711927,0.0,0.49862590639289794,0.9996884735202493,1.0,0.8275122386358043,instance,informative
1,0.13752276867030966,0.2,0.18727272727272726,0.6071428571428571,0.14468231378432217,0.0,0.48913715543053315,0.9993769470404984,1.0,0.5181799053229814,instance,informative
1,0.13,0.0,0.18727272727272726,0.7142857142857143,0.4359099404237351,0.0,0.4759085264784976,0.9968847352024922,1.0,0.1578269332157742,instance,informative
0,0.8035714285714286,0.8,0.8127272727272727,0.6428571428571429,0.7744340530243131,1.0,0.5197967789844954,1.0,1.0,-0.6898334210210274,instance,informative
1,0.1821705426356589,0.0,0.18974358974358974,0.5357142857142857,0.2201387763747834,0.0,0.4706678301434979,0.9978193146417446,1.0,1.0519152427412386,instance,informative
1,0.3028846153846154,0.2,0.326797385620915,0.5714285714285714,0.4861133748308455,0.5,0.4982647562741406,0.9996884735202493,1.0,0.25443485047016134,instance,informative
1,0.050000000000000044,0.0,0.18974358974358974,0.6071428571428571,0.2781762924132781,0.0,0.45525439462073103,0.9984423676012462,1.0,0.7212919282306157,instance,informative
1,0.15000000000000002,0.0,0.36363636363636365,0.4642857142857143,0.5298431714261662,0.0,0.4767014507062155,0.9965732087227415,1.0,0.37916154770404203,instance,informative
1,0.08227848101265822,0.2,0.2670454545454546,0.5357142857142857,0.2795150123950224,0.2,0.4231050748727285,0.9990654205607477,1.0,0.7451164690978,instance,informative
1,0.2690288713910761,0.2,0.18727272727272726,0.7142857142857143,0.17561399770625213,0.0,0.4768266458083593,0.9996884735202493,1.0,0.9272142186807171,instance,informative
0,0.6536796536796536,0.6,0.8127272727272727,0.5714285714285714,0.7676618303000557,0.0,0.4828414977951352,0.9994407158836689,1.0,-0.8058056702238782,instance,informative
1,0.16902887139107614,0.0,0.2436781609195402,0.6428571428571429,0.28715060709706675,0.0,0.47703299851173964,0.9975077881619938,1.0,0.9690757943367749,instance,informative
0,0.8303680981595092,1.0,0.7670250896057348,0.5357142857142857,0.6998237909296058,1.0,0.531013139121985,1.0,1.0,-0.7978572063504323,instance,informative
1,0.24018838304552592,0.2,0.2670454545454546,0.7857142857142857,0.1923012128072763,0.0,0.48020473563062016,0.9996884735202493,1.0,0.9431646921223423,instance,informative
1,0.38548752834467126,0.4,0.16666666666666663,0.7857142857142857,0.16905898058622648,1.0,0.5212052096805943,1.0,1.0,1.5175038581006322,instance,informative
1,0.14901477832512322,0.0,0.326797385620915,0.5714285714285714,0.2557717142133912,0.42857142857142855,0.46638264086968384,0.9978193146417446,1.0,0.6501542060263232,instance,informative
1,0.09770114942528729,0.4,0.2436781609195402,0.8928571428571429,0.1543775532257522,0.0,0.48304729489898557,0.9996884735202493,1.0,1.1696608618621238,instance,informative
0,0.745,1.0,0.8127272727272727,0.42857142857142855,0.8107833126371462,1.0,0.5340123440209821,1.0,1.0,-0.9920685830274759,instance,informative
1,0.09305555555555556,0.2,0.18727272727272726,0.6428571428571429,0.3945293949386464,0.0,0.4794215779579517,0.9990654205607477,1.0,0.008714685427478178,instance,informative
1,0.1923076923076923,0.0,0.326797385620915,0.5714285714285714,0.3686563970510863,0.0,0.4629482865622625,0.9959501557632399,1.0,1.0496710114688494,instance,informative
1,0.03749999999999998,0.0,0.18727272727272726,0.7142857142857143,0.23308550991683552,0.0,0.48497275665928696,0.9984423676012462,1.0,0.9570724121902972,instance,informative
1,0.09883720930232553,0.4,0.2436781609195402,0.8928571428571429,0.19387538794306397,0.5,0.5065115389051595,1.0,1.0,0.6194965316435713,instance,informative
0,0.793144208037825,1.0,0.31034482758620685,0.42857142857142855,0.6674710394493255,1.0,0.5241662061522059,1.0,1.0,-0.3943914064839786,instance,informative
1,0.05844155844155852,0.4,0.16666666666666663,0.7857142857142857,0.25182621380730186,0.0,0.4985555417475682,0.9996884735202493,1.0,0.8388110996229151,instance,informative
0,0.44666666666666666,0.8,0.8127272727272727,0.4642857142857143,0.5847757019159611,0.0,0.4935859440377386,0.9994407158836689,1.0,-0.6106724727725986,instance,informative
1,0.3319672131147541,0.0,0.36363636363636365,0.5,0.2902652144752186,0.0,0.4568867302967985,0.9975077881619938,1.0,1.1794358600568293,instance,informative
1,0.2350165172251062,0.2,0.36363636363636365,0.42857142857142855,0.34442259218920157,0.0,0.44620755676439616,0.9990654205607477,1.0,0.38907047840665193,instance,informative
1,0.18196721311475406,0.0,0.18727272727272726,0.7142857142857143,0.18139126907843822,0.0,0.45007139642142835,0.9925233644859813,1.0,0.8639967628191044,instance,informative
1,0.05769230769230771,0.0,0.326797385620915,0.5,0.22585632291272917,0.0,0.45330687670604797,0.9950155763239875,1.0,1.0094864241440005,instance,informative
0,0.7615546218487395,1.0,0.6363636363636364,0.39285714285714285,0.442251364368593,1.0,0.5150789312792596,1.0,1.0,-0.4289547412404034,instance,informative
0,0.7828282828282829,0.8,0.673202614379085,0.6071428571428571,0.7434105197328527,1.0,0.5087322131852947,1.0,1.0,-0.53405382132574,instance,informative
1,0.13,0.2,0.36363636363636365,0.39285714285714285,0.4715870339165561,0.0,0.48213912145221793,0.9993769470404984,1.0,0.5555740683740923,instance,informative
1,0.0714285714285714,0.0,0.18727272727272726,0.75,0.14597318036418344,0.0,0.46836475651068155,0.9981308411214953,1.0,1.02590548447882,instance,informative
1,0.24018838304552592,0.2,0.2670454545454546,0.7857142857142857,0.3072953234132245,0.2,0.48385207603516167,0.9990654205607477,1.0,0.852979391432247,instance,informative
1,0.18194600674915629,0.0,0.18727272727272726,0.75,0.19068047179177233,0.0,0.4571122805688884,0.9968847352024922,1.0,0.5656805365493591,instance,informative
1,0.34632034632034636,0.0,0.18974358974358974,0.6785714285714286,0.2404062762885294,0.3333333333333333,0.48067128100201706,0.9984423676012462,1.0,0.5809837289493918,instance,informative
1,0.2862985685071575,0.4,0.2329749103942652,0.5357142857142857,0.1842227153932492,1.0,0.5028618851981731,1.0,1.0,0.6044734510588815,instance,informative
1,0.11688311688311692,0.0,0.18974358974358974,0.6785714285714286,0.1565251320514786,0.0,0.46029164448059245,0.9981308411214953,1.0,0.8276806624284737,instance,informative
1,0.15844155844155838,0.2,0.2670454545454546,0.75,0.5565484801926419,0.3333333333333333,0.4704768450494178,0.9990654205607477,1.0,0.4124139796049921,instance,informative
1,0.15932914046121593,0.0,0.16666666666666663,0.7857142857142857,0.2860444359423324,0.0,0.46899198676596354,0.9965732087227415,1.0,1.2832204432289287,instance,informative
1,0.08333333333333326,0.0,0.2436781609195402,0.39285714285714285,0.5324638128528637,0.0,0.45951162077255836,0.9959501557632399,1.0,-0.3547230371870915,instance,informative
1,0.0,0.0,0.2329749103942652,0.6785714285714286,0.13222614053367898,0.0,0.4377915243523265,0.9984423676012462,1.0,1.3029847706257485,instance,informative
1,0.32317073170731714,0.6,0.2436781609195402,0.8928571428571429,0.31093420645076497,0.0,0.49088534319070143,0.9996884735202493,0.975,1.0044786622957542,instance,informative
1,0.18591426071741024,0.2,0.2329749103942652,0.6785714285714286,0.18700462023346381,0.5,0.5243554206891534,1.0,1.0,0.7725397815611937,instance,informative
0,0.4841897233201581,1.0,0.6363636363636364,0.35714285714285715,0.5449774077785147,1.0,0.5358393476432229,1.0,1.0,-1.0507540251065082,instance,informative
1,0.275,0.4,0.36363636363636365,0.39285714285714285,0.39340375628364044,0.0,0.47150374300374154,0.9996884735202493,1.0,-0.09231403711098934,instance,informative
1,0.08227848101265822,0.0,0.18727272727272726,0.6071428571428571,0.29984857268667875,0.0,0.4672808187002577,0.9906542056074766,1.0,0.6634359715798825,instance,informative
1,0.15113871635610776,0.0,0.326797385620915,0.5714285714285714,0.2356850194245732,0.0,0.4775681194368726,0.9981308411214953,1.0,0.8443428036049374,instance,informative
1,0.16880341880341887,0.4,0.18727272727272726,0.7142857142857143,0.19667345647424483,0.0,0.4934957405431366,0.9993769470404984,1.0,0.8965694526572149,instance,informative
1,0.14615384615384608,0.0,0.18974358974358974,0.6785714285714286,0.4366449447221452,0.0,0.47418067056145197,0.9965732087227415,1.0,0.3363743937765743,instance,informative
1,0.19883720930232562,0.4,0.4236453201970444,0.4642857142857143,0.14917849274328887,1.0,0.5113008176087213,1.0,1.0,1.3704906234717062,instance,informative
1,0.338265306122449,0.2,0.2670454545454546,0.75,0.3015520820610079,0.0,0.47233782054364637,0.9993769470404984,1.0,0.761644186469112,instance,informative
1,0.125,0.2,0.18666666666666665,0.5,0.13232992464697746,0.0,0.4536405797096982,0.9996884735202493,1.0,1.252986494253595,instance,informative
1,0.30236220472440944,0.2,0.5272727272727273,0.6071428571428571,0.3280931489511672,0.5,0.49325785850662596,0.9987538940809969,1.0,0.6415771412942548,instance,informative
1,0.19655497876356764,0.2,0.39682539682539686,0.4642857142857143,0.4218516665857738,0.0,0.49689919008620076,0.9990654205607477,1.0,0.5990503893218302,instance,informative
1,0.08333333333333326,0.0,0.2436781609195402,0.9642857142857143,0.17510453820426164,0.0,0.44625878842400324,0.9953271028037384,1.0,1.3322230611752923,instance,informative
0,0.7109111361079865,0.8,0.8133333333333334,0.39285714285714285,0.6752750759035226,1.0,0.5362497926328665,1.0,1.0,-0.12073586493860357,instance,informative
1,0.08333333333333326,0.0,0.18727272727272726,0.75,0.30078947280214796,0.0,0.45617372823751434,0.9953271028037384,1.0,0.7617180764771478,instance,informative
1,0.14574468085106385,0.0,0.2436781609195402,0.7857142857142857,0.4085816283101424,0.0,0.461932793191674,0.9981308411214953,1.0,0.7577919672942202,instance,informative
1,0.19817073170731714,0.4,0.2329749103942652,0.2857142857142857,0.24182059600168154,1.0,0.5108026405879684,1.0,0.975,0.8489628703567251,instance,informative
0,0.6702898550724637,1.0,0.8102564102564103,0.6071428571428571,0.5908797889757396,1.0,0.518374666285474,1.0,1.0,0.1665293819944052,instance,informative
1,0.13749999999999996,0.0,0.18974358974358974,0.6785714285714286,0.35430193312870384,0.3333333333333333,0.4794888161324048,0.9968847352024922,1.0,0.9604177626277348,instance,informative
1,0.2116161616161616,0.2,0.18727272727272726,0.6428571428571429,0.23595281397824025,0.0,0.49765648850844313,0.9987538940809969,1.0,0.8913003888773714,instance,informative
0,0.7598116169544741,0.6,0.7329545454545454,0.6071428571428571,0.8488471788207432,1.0,0.5122741939234582,1.0,1.0,-0.7438503134590829,instance,informative
1,0.0714285714285714,0.0,0.2329749103942652,0.35714285714285715,0.14309781911602049,0.0,0.46048130879563776,0.9965732087227415,1.0,1.273212305919573,instance,informative
1,0.3100303951367782,0.0,0.2436781609195402,0.8928571428571429,0.4431296394930312,0.0,0.4485462641578002,0.9959501557632399,1.0,0.5506781861297887,instance,informative
1,0.21323529411764708,0.2,0.18727272727272726,0.7142857142857143,0.1688147183277094,1.0,0.5026298602931276,1.0,1.0,1.6649681779915062,instance,informative
1,0.07480314960629919,0.2,0.7719298245614035,0.42857142857142855,0.27224430168299385,0.5,0.5082688188225608,1.0,1.0,0.6796334466919352,instance,informative
1,0.1685531496062992,0.2,0.5714285714285714,0.39285714285714285,0.18109541270532198,0.0,0.461961895619192,0.9993769470404984,1.0,0.5880552395542502,instance,informative
0,0.7644927536231885,0.8,0.6363636363636364,0.39285714285714285,0.4699344882563339,1.0,0.5160929010294829,1.0,1.0,-0.046792887844573576,instance,informative
1,0.0,0.4,0.2436781609195402,0.6428571428571429,0.16418241714535986,0.0,0.4913008789512704,0.9996884735202493,0.975,1.0894379399265535,instance,informative
0,0.8406708595387841,0.6,0.7670250896057348,0.2857142857142857,0.7477210166968769,0.5,0.4802910963043825,0.9994407158836689,1.0,-0.9065348554325177,instance,informative
1,0.16842105263157903,0.0,0.2329749103942652,0.21428571428571427,0.5970883912425836,0.0,0.47571860301356483,0.9978193146417446,0.975,0.17022751709948564,instance,informative
1,0.275,0.2,0.5272727272727273,0.6071428571428571,0.2869355201561534,0.16666666666666666,0.5005766815931136,1.0,1.0,0.42991032005087787,instance,informative
1,0.0714285714285714,0.2,0.2329749103942652,0.35714285714285715,0.22687682576981444,0.0,0.47699302476379046,0.9987538940809969,1.0,0.8436360788826397,instance,informative
1,0.141941391941392,0.0,0.2670454545454546,0.6071428571428571,0.33529639391253696,0.0,0.4753503120192826,0.9984423676012462,1.0,0.5081645599719015,instance,informative
1,0.15000000000000002,0.2,0.16666666666666663,0.7857142857142857,0.325066387041247,0.5,0.49142003056457306,0.9987538940809969,1.0,1.1101007410671204,instance,informative
0,0.6722222222222223,0.6,0.7563218390804598,0.5,0.5123487315287978,0.0,0.4993125823143626,0.9988814317673378,1.0,0.03599523780640829,instance,informative
1,0.07480314960629919,0.0,0.2436781609195402,0.35714285714285715,0.450622253354685,0.0,0.4608901216360374,0.9978193146417446,1.0,-0.18295718503633568,instance,informative
1,0.25,0.0,0.16666666666666663,0.7857142857142857,0.35067723805857437,0.0,0.455030718595237,0.9950155763239875,1.0,0.7242669085412348,instance,informative
1,0.270440251572327,0.0,0.2436781609195402,0.8928571428571429,0.25862913109185737,0.0,0.49062460859923707,0.9984423676012462,1.0,0.7899431357454849,instance,informative
1,0.164983164983165,0.2,0.2670454545454546,0.7857142857142857,0.34798737689814124,0.5,0.5007236411406,1.0,1.0,0.6753762072860557,instance,informative
0,0.7375886524822695,1.0,0.7670250896057348,0.21428571428571427,0.5179819677061259,1.0,0.5133636543245197,1.0,1.0,-0.7052032684798895,instance,informative
1,0.07352941176470584,0.0,0.36363636363636365,0.5,0.45609558166839215,0.0,0.4715414024155139,0.9975077881619938,1.0,0.7019291261223664,instance,informative
0,0.7803680981595091,1.0,0.7563218390804598,0.39285714285714285,0.32681719117357494,1.0,0.5543913575759976,1.0,1.0,0.08867389324271413,instance,informative
1,0.07480314960629919,0.2,0.18727272727272726,0.75,0.22531013102613473,0.0,0.47429649323922984,0.9987538940809969,1.0,0.6310429567841224,instance,informative
0,0.7557471264367817,1.0,0.7563218390804598,0.4642857142857143,0.8490393183319134,1.0,0.5314521462115878,1.0,1.0,-1.4059209775661263,instance,informative
1,0.19285714285714284,0.0,0.2670454545454546,0.42857142857142855,0.22862099578252915,0.0,0.4797321080722774,0.9984423676012462,1.0,0.9801366823958179,instance,informative
1,0.06432360742705567,0.2,0.2436781609195402,1.0,0.2960360320615684,0.0,0.48053101617811733,0.9996884735202493,1.0,1.0644633945129345,instance,informative
0,0.5679347826086957,0.8,0.8102564102564103,0.5714285714285714,0.7014635291834388,1.0,0.5022279613819658,1.0,1.0,-0.559505902345378,instance,informative
1,0.21323529411764708,0.0,0.48888888888888893,0.6785714285714286,0.16600888671076647,0.0,0.47421493178053886,0.997196261682243,1.0,1.330303807959456,instance,informative
0,0.610655737704918,0.8,0.7329545454545454,0.4642857142857143,0.65750504294879,1.0,0.5218201508246787,1.0,1.0,-0.9646019771414428,instance,informative
1,0.18154761904761907,0.2,0.326797385620915,0.5714285714285714,0.39456368035857325,0.0,0.4596369180581732,0.9987538940809969,1.0,1.097454328790221,instance,informative
0,0.6391566265060241,0.4,0.7670250896057348,0.5357142857142857,0.6571256234989792,0.3333333333333333,0.5129344662403594,1.0,1.0,-0.6821551792224647,instance,informative
1,0.19655497876356764,0.0,0.2436781609195402,0.8928571428571429,0.454397650587642,0.0,0.42892136560297367,0.9975077881619938,1.0,0.3889759628167517,instance,informative
0,0.8328267477203648,0.8,0.7563218390804598,0.42857142857142855,0.817113516959161,1.0,0.5287833959644399,1.0,1.0,-1.404987955762635,instance,informative
1,0.21144278606965172,0.2,0.4236453201970444,0.4642857142857143,0.2051142239077402,0.0,0.49139138538276417,0.9996884735202493,1.0,0.9396558148753822,instance,informative
1,0.1777777777777778,0.0,0.2436781609195402,0.8928571428571429,0.39782486576964626,0.0,0.475309766186778,0.9978193146417446,1.0,0.9186543683566821,instance,informative
1,0.0714285714285714,0.0,0.2329749103942652,0.5357142857142857,0.212895145509491,0.0,0.468550355013448,0.991588785046729,1.0,1.1547068623254084,instance,informative
1,0.23984962406015042,0.2,0.2329749103942652,0.35714285714285715,0.2986135136598508,0.0,0.48189392288960475,0.9993769470404984,1.0,1.0903769528829375,instance,informative
1,0.14459930313588854,0.4,0.6852791878172588,0.35714285714285715,0.40281206845307105,1.0,0.5098857375561776,1.0,1.0,0.3261810043682839,instance,informative
1,0.10236220472440949,0.2,0.18727272727272726,0.7142857142857143,0.22823044234915713,1.0,0.5049476345081364,1.0,1.0,0.7438443368729171,instance,informative
1,0.09615384615384615,0.0,0.326797385620915,0.5714285714285714,0.2992474425314464,0.0,0.47104500531459537,0.997196261682243,1.0,0.7140969231553806,instance,informative
0,0.6939890710382514,1.0,0.7563218390804598,0.7857142857142857,0.6176292025270445,1.0,0.5558545895317006,1.0,1.0,-0.8953058059848432,instance,informative
1,0.05769230769230771,0.0,0.18727272727272726,0.7142857142857143,0.22779198043982374,0.0,0.4431734152292103,0.994392523364486,1.0,1.408446319076818,instance,informative
1,0.07777777777777772,0.0,0.18727272727272726,0.7142857142857143,0.12754699218614574,0.0,0.47130040327505507,0.9984423676012462,1.0,1.0587724472671602,instance,informative
1,0.24463190184049077,0.2,0.2436781609195402,0.8928571428571429,0.4701851865384492,0.0,0.4845748373673888,0.9993769470404984,1.0,0.047809831534578504,instance,informative
1,0.16902887139107614,0.2,0.18974358974358974,0.6785714285714286,0.2387559315502631,0.14285714285714285,0.4972118167739419,0.9996884735202493,1.0,0.9866891256592762,instance,informative
1,0.20788530465949817,0.0,0.2670454545454546,0.4642857142857143,0.23454217652669068,0.0,0.45910435326749044,0.9959501557632399,1.0,0.8896631827988626,instance,informative
1,0.33744221879815095,0.2,0.18974358974358974,0.5714285714285714,0.26765791986307186,0.0,0.47369798985239286,0.9987538940809969,1.0,1.1497950288034644,instance,informative
1,0.20752628666297723,0.0,0.18727272727272726,0.6071428571428571,0.1919363848551251,0.6666666666666666,0.4683856152654795,0.997196261682243,1.0,1.229903629143753,instance,informative
1,0.18194600674915629,0.4,0.7719298245614035,0.42857142857142855,0.3364675520966721,0.0,0.46191548171967667,0.9996884735202493,1.0,0.22684649339556498,instance,informative
1,0.07352941176470584,0.4,0.36363636363636365,0.5,0.41912535504753734,0.0,0.4674382100326303,0.9990654205607477,1.0,0.30665174426749375,instance,informative
0,0.7417582417582418,0.6,0.5111111111111111,0.6071428571428571,0.6231269313002695,1.0,0.5075914118050102,1.0,1.0,-0.8254906443102953,instance,informative
1,0.07480314960629919,0.0,0.2329749103942652,0.5714285714285714,0.14917662760368494,0.0,0.45901475114926515,0.9956386292834891,1.0,0.440359210471324,instance,informative
0,0.7751968503937008,0.8,0.7563218390804598,0.75,0.7917759361699436,0.75,0.5207304942607027,1.0,1.0,-1.305494174488684,instance,informative
1,0.255,0.2,0.36363636363636365,0.5,0.1784923404815122,0.0,0.4824002642098667,0.9993769470404984,1.0,0.8517162904504095,instance,informative
0,0.729559748427673,0.6,0.5111111111111111,0.5,0.6450591042684177,0.5,0.47260543563525825,0.9994407158836689,1.0,-0.6636537982553827,instance,informative
1,0.3028846153846154,0.6,0.2436781609195402,0.8928571428571429,0.1586467806840114,1.0,0.5188579467816852,1.0,1.0,0.85322231275804,instance,informative
1,0.08227848101265822,0.0,0.48888888888888893,0.42857142857142855,0.21969102059940032,0.0,0.47610524798114284,0.997196261682243,1.0,0.6132786248757722,instance,informative
1,0.0901639344262295,0.0,0.2329749103942652,0.2857142857142857,0.1547903450174255,0.0,0.468860347522319,0.9978193146417446,1.0,1.1547540550884787,instance,informative
0,0.62,0.8,0.5763546798029557,0.5714285714285714,0.6453244033287524,0.5,0.49217572891340167,0.9994407158836689,1.0,-0.48612687722570574,instance,informative
1,0.124074074074074,0.0,0.2436781609195402,0.35714285714285715,0.4076407099804954,0.0,0.48411259032502363,0.997196261682243,1.0,0.3456704425080837,instance,informative
1,0.07051282051282048,0.0,0.48888888888888893,0.39285714285714285,0.45830263225588785,0.0,0.4419951285334086,0.9984423676012462,0.975,1.010428953701189,instance,informative
1,0.26248904469763357,0.2,0.2436781609195402,1.0,0.2756983225919288,0.0,0.49261184657369417,0.9987538940809969,1.0,0.9229391459344233,instance,informative
1,0.0,0.0,0.2329749103942652,0.25,0.2996800374206288,0.0,0.4739280587117033,0.9984423676012462,1.0,1.0931213892411316,instance,informative
1,0.23934426229508188,0.4,0.2670454545454546,0.75,0.33305981893607944,0.25,0.5043360013577967,1.0,1.0,0.5492152129004997,instance,informative
1,0.09770114942528729,0.0,0.2670454545454546,0.75,0.22411291341727646,0.0,0.4470854479012153,0.9965732087227415,1.0,0.7311701468448251,instance,informative
0,0.7734724292101341,1.0,0.5763546798029557,0.6785714285714286,0.8053941061918539,1.0,0.5615963290642493,1.0,1.0,-0.4650092099780314,instance,informative
0,0.778888888888889,0.6,0.31472081218274117,0.35714285714285715,0.5439212873214765,0.5,0.49818906996879964,0.9994407158836689,1.0,-0.41100864158381384,instance,informative
1,0.1690647482014389,0.2,0.7719298245614035,0.42857142857142855,0.17851920108910974,0.0,0.48709659029042707,0.9993769470404984,1.0,0.7571582131997882,instance,informative
1,0.1478167501789549,0.2,0.2436781609195402,0.5714285714285714,0.22782517810200104,0.0,0.49898611422082007,0.9996884735202493,1.0,1.0918301720696666,instance,informative
1,0.05844155844155852,0.0,0.2436781609195402,0.8928571428571429,0.2683956899825293,0.0,0.44989934294219536,0.9965732087227415,1.0,0.2587615267612168,instance,informative
1,0.1671732522796353,0.0,0.2329749103942652,0.6785714285714286,0.23980566876825005,0.5,0.4681713219584178,0.9981308411214953,1.0,0.8576457314125823,instance,informative
1,0.1923076923076923,0.0,0.39682539682539686,0.39285714285714285,0.3019208027318102,0.0,0.46914008944483077,0.9981308411214953,1.0,0.9261062130604256,instance,informative
1,0.19770114942528738,0.0,0.2670454545454546,0.75,0.35317331430532617,0.0,0.4484287234265062,0.9981308411214953,1.0,0.17759652831760803,instance,informative
1,0.14027777777777772,0.2,0.2670454545454546,0.7857142857142857,0.2889019028226336,0.0,0.45802750709088824,0.9996884735202493,0.975,0.4786614844084551,instance,informative
1,0.12142857142857144,0.4,0.18727272727272726,0.6071428571428571,0.17967009068871442,0.0,0.4634596512763902,0.9993769470404984,1.0,1.1743581239976086,instance,informative
1,0.18196721311475406,0.0,0.18974358974358974,0.6785714285714286,0.3310898505320571,0.0,0.48888478361184606,0.9981308411214953,1.0,0.6520230816501905,instance,informative
1,0.24018838304552592,0.0,0.2670454545454546,0.5357142857142857,0.6621853352622358,0.0,0.4673894661537047,0.9947040498442368,1.0,0.9505914614455727,instance,informative
0,0.6303680981595092,1.0,0.7670250896057348,0.32142857142857145,0.6598157227461082,1.0,0.5352301867733118,1.0,1.0,-0.9837432578629312,instance,informative
1,0.07971014492753625,0.2,0.7536231884057971,0.5357142857142857,0.33682565977919376,0.0,0.46157995971694266,0.9990654205607477,1.0,0.6503526507900331,instance,informative
0,0.0,1.0,0.6363636363636364,0.39285714285714285,0.41504917702641236,1.0,0.5176290014090343,1.0,1.0,-0.6761540797065845,instance,informative
1,0.3607287449392713,0.2,0.18974358974358974,0.5357142857142857,0.41167070104507875,0.0,0.47147733113378654,0.9993769470404984,1.0,0.19667597220178284,instance,informative
1,0.15476190476190477,0.0,0.2670454545454546,0.6071428571428571,0.38514191047316426,0.0,0.4692650510935228,0.997196261682243,1.0,0.6267948049935254,instance,informative
1,0.07971014492753625,0.4,0.2329749103942652,0.35714285714285715,0.1508851329710844,1.0,0.5043417858482735,1.0,1.0,0.10946887678064399,instance,informative
1,0.14588377723970947,0.0,0.2436781609195402,0.39285714285714285,0.5572345449393975,0.0,0.4910225242060007,0.9984423676012462,1.0,0.1723928491429519,instance,informative
1,0.2862985685071575,0.2,0.18974358974358974,0.6071428571428571,0.34821028283822875,0.0,0.4752743846612324,0.9987538940809969,1.0,0.9349824765011508,instance,informative
1,0.05844155844155852,0.0,0.18727272727272726,0.6071428571428571,0.17235380610620288,0.0,0.43535322395094767,0.9940809968847352,1.0,1.1026770897057772,instance,informative
1,0.14574468085106385,0.0,0.48888888888888893,0.42857142857142855,0.18618583039636816,0.0,0.4767852619190609,0.997196261682243,1.0,1.1515602609005307,instance,informative
1,0.18213190184049077,0.6,0.6896551724137931,0.42857142857142855,0.6162033678404241,0.0,0.4959529314316209,0.9996884735202493,1.0,0.06559985111061964,instance,informative
1,0.41326530612244894,0.4,0.2436781609195402,0.8928571428571429,0.24275057123229216,0.0,0.4771538508338199,0.9990654205607477,1.0,0.5679395960628902,instance,informative
1,0.18888888888888888,0.4,0.18727272727272726,0.7142857142857143,0.17518812190366406,1.0,0.529642777751542,1.0,1.0,0.5118516013429724,instance,informative
1,0.07352941176470584,0.2,0.2329749103942652,0.6785714285714286,0.2966706673931925,0.0,0.4988762689434706,0.9996884735202493,1.0,1.0344873090712272,instance,informative
1,0.2783333333333333,0.0,0.7719298245614035,0.4642857142857143,0.19577186913734224,0.0,0.45897374987975326,0.9950155763239875,1.0,0.2753954482574736,instance,informative
0,0.8069216757741349,1.0,0.7329545454545454,0.5357142857142857,0.7415458839856198,1.0,0.5237341721197928,1.0,1.0,-1.1096023415832847,instance,informative
0,0.6899696048632219,0.8,0.31472081218274117,0.42857142857142855,0.5660336988391981,1.0,0.5188588741954354,1.0,1.0,-0.25750059984343093,instance,informative
1,0.07777777777777772,0.2,0.18727272727272726,0.7142857142857143,0.13742376422290753,0.0,0.48017153451164096,0.9993769470404984,1.0,0.8920686544533221,instance,informative
1,0.21084337349397586,0.4,0.16666666666666663,0.4642857142857143,0.3586107119200789,0.0,0.47224310339189124,0.9990654205607477,1.0,1.033107823250687,instance,informative
0,0.7169117647058824,1.0,0.8127272727272727,0.5,0.40126032400820144,1.0,0.5340610012721514,1.0,1.0,0.5690454944988895,instance,informative
1,0.28205128205128205,0.6,0.18727272727272726,0.7142857142857143,0.1984789018992531,0.4,0.5345062907799188,1.0,1.0,0.826924110349875,instance,informative
1,0.16842105263157903,0.2,0.16666666666666663,0.7857142857142857,0.264042386253054,0.25,0.4851593238321419,0.9996884735202493,1.0,0.39337937163151815,instance,informative
1,0.332391713747646,0.2,0.16666666666666663,0.7857142857142857,0.1891154063226244,0.0,0.4931843319555179,0.9993769470404984,1.0,1.215508241666468,instance,informative
1,0.05769230769230771,0.0,0.326797385620915,0.5714285714285714,0.23610970322804314,0.0,0.4696289837558767,0.9981308411214953,1.0,0.4496253202828851,instance,informative
1,0.04477611940298509,0.4,0.18974358974358974,0.6785714285714286,0.21574709350343035,0.0,0.4932302873791705,0.9990654205607477,1.0,0.7467249344567195,instance,informative
0,0.7375886524822695,0.6,0.7329545454545454,0.7142857142857143,0.7455780642745268,1.0,0.5323600893896105,1.0,1.0,-0.6785280014934117,instance,informative
1,0.06432360742705567,0.2,0.4236453201970444,0.6428571428571429,0.21219279982496647,0.0,0.4876972001415292,0.9990654205607477,1.0,0.6398190912902064,instance,informative
1,0.29166666666666674,0.2,0.5272727272727273,0.6071428571428571,0.4051150174885133,0.0,0.48127697970671257,0.9987538940809969,1.0,0.6538447322338806,instance,informative
1,0.09340659340659341,0.2,0.2436781609195402,0.8928571428571429,0.4607102020738173,1.0,0.5002141870402621,1.0,1.0,0.7254062109136917,instance,informative
1,0.2195652173913043,0.4,0.18727272727272726,0.7142857142857143,0.24377000368741208,1.0,0.5104978082028533,1.0,1.0,0.7118977015178752,instance,informative
1,0.2273622047244095,0.2,0.2436781609195402,0.8928571428571429,0.41150282245129544,0.0,0.48608419168055994,0.9993769470404984,1.0,0.09697771897974902,instance,informative
1,0.21016949152542375,0.2,0.16666666666666663,0.8571428571428571,0.19621380010436357,0.0,0.4648578828616512,0.9987538940809969,1.0,1.035681180445097,instance,informative
1,0.07352941176470584,0.0,0.2436781609195402,0.8928571428571429,0.31480189012735516,0.0,0.46278146103739437,0.9968847352024922,1.0,1.0574977292194596,instance,informative
0,0.6680327868852459,0.8,0.6363636363636364,0.32142857142857145,0.728540243095114,1.0,0.5205935753173736,1.0,1.0,-1.0767952275569301,instance,informative
1,0.2227011494252873,0.2,0.18727272727272726,0.7142857142857143,0.14175960457835296,0.0,0.49039902218771625,0.9996884735202493,1.0,1.3495575173407746,instance,informative
1,0.09999999999999998,0.2,0.2329749103942652,0.25,0.4069087917703883,0.0,0.4714712830250396,0.9987538940809969,0.975,0.33124702478269774,instance,informative
1,0.045454545454545414,0.2,0.4236453201970444,0.6428571428571429,0.5121995112988902,0.0,0.4790544449287,0.9987538940809969,1.0,0.7432295983099377,instance,informative
0,0.0,0.8,0.5763546798029557,0.7142857142857143,0.8804246800337722,1.0,0.506564140829662,1.0,0.975,-0.7792069406831879,instance,informative
0,0.7344961240310077,1.0,0.8333333333333334,0.5714285714285714,0.7310298238825862,1.0,0.5116259222909882,1.0,1.0,-0.6804372039189517,instance,informative
1,0.23550724637681153,0.4,0.4236453201970444,0.6428571428571429,0.3811048861713565,0.0,0.48866543955709874,0.9993769470404984,1.0,1.1980738096108456,instance,informative
1,0.2857142857142858,0.2,0.2329749103942652,0.25,0.32405177228808746,0.0,0.46892513044765294,0.9993769470404984,1.0,0.5315008027174876,instance,informative
1,0.17142857142857149,0.4,0.6852791878172588,0.42857142857142855,0.2694802347117764,0.0,0.47939591459018505,0.9993769470404984,1.0,0.12472189870216074,instance,informative
1,0.12025769506084472,0.2,0.2436781609195402,0.75,0.2826033257809473,0.25,0.47444414125286605,0.9990654205607477,1.0,0.7528647441213416,instance,informative
0,0.6757142857142857,0.8,0.8127272727272727,0.6428571428571429,0.8011314795569624,1.0,0.5209682855721107,1.0,1.0,-0.5976205007868062,instance,informative
1,0.24942102825382118,0.4,0.2436781609195402,0.8928571428571429,0.27836486759073253,1.0,0.502082004475686,1.0,1.0,0.1602197317863788,instance,informative
1,0.2047619047619048,0.4,0.2436781609195402,0.35714285714285715,0.19102250022115597,1.0,0.504672621302259,1.0,1.0,0.8503752991745037,instance,informative
1,0.08823529411764708,0.0,0.48888888888888893,0.42857142857142855,0.17100070720249777,0.0,0.4539492983340916,0.9968847352024922,1.0,1.6433727780175,instance,informative
1,0.07777777777777772,0.0,0.2436781609195402,0.8928571428571429,0.4831676130164589,0.0,0.4694298232792904,0.9978193146417446,1.0,0.6124607641228171,instance,informative
0,0.7598627787307033,0.8,0.7329545454545454,0.5,0.6703123293833748,0.5,0.49763445856771304,0.9994407158836689,1.0,-0.4409074190080691,instance,informative
1,0.36906474820143886,0.2,0.2436781609195402,0.8928571428571429,0.20575380794381265,0.2,0.5091066893724898,1.0,1.0,0.7022469304955674,instance,informative
1,0.045454545454545414,0.4,0.2436781609195402,0.8928571428571429,0.34836390998578387,0.0,0.4693025656186981,0.9993769470404984,1.0,0.5203298951049208,instance,informative
1,0.256656346749226,0.0,0.2329749103942652,0.2857142857142857,0.216386140333641,0.0,0.48417277741976106,0.9984423676012462,1.0,0.9662985421153343,instance,informative
0,0.7795566502463054,0.8,0.8127272727272727,0.6071428571428571,0.7243092357286772,1.0,0.5165494765906198,1.0,1.0,-0.9781401754808582,instance,informative
0,0.5720720720720721,1.0,0.5111111111111111,0.5,0.5832415623944763,1.0,0.5185899507687284,1.0,1.0,-0.8283624960211934,instance,informative
1,0.338265306122449,0.2,0.2670454545454546,0.75,0.29298651556321254,0.0,0.4746168736127163,0.9993769470404984,1.0,0.8102847947991679,instance,informative
1,0.2537735849056604,0.4,0.2436781609195402,0.39285714285714285,0.576855213534928,1.0,0.5143974660289063,1.0,1.0,0.4876061742900995,instance,informative
1,0.3840579710144928,0.2,0.2329749103942652,0.5357142857142857,0.19974479049725574,0.5,0.4838065413606175,0.9990654205607477,1.0,0.7432271211239047,instance,informative
1,0.2227011494252873,0.0,0.2670454545454546,0.4642857142857143,0.22648091188508074,0.0,0.44859885003330524,0.9968847352024922,1.0,0.9913759506924636,instance,informative
1,0.13095238095238093,0.0,0.7719298245614035,0.5714285714285714,0.47926615812467444,0.25,0.4646924369178259,0.9959501557632399,1.0,0.868966485164143,instance,informative
1,0.045454545454545414,0.2,0.2436781609195402,0.5,0.24224275012656055,0.0,0.4915332914097198,0.9990654205607477,1.0,0.8650036673273198,instance,informative
1,0.07407407407407407,0.0,0.16666666666666663,0.7857142857142857,0.3818632390028768,0.0,0.4745821490867902,0.9981308411214953,1.0,0.5297056416010164,instance,informative
1,0.07971014492753625,0.2,0.2670454545454546,0.7857142857142857,0.3923975187697273,0.0,0.4757548796277793,0.9990654205607477,1.0,0.4632286352827667,instance,informative
1,0.12025769506084472,0.4,0.18974358974358974,0.5714285714285714,0.144482222754253,0.0,0.47921336803494285,0.9993769470404984,1.0,0.6814939339023243,instance,informative
1,0.2928571428571429,0.2,0.36363636363636365,0.5,0.49543411416954164,0.3333333333333333,0.476130312305309,0.9987538940809969,1.0,0.2258331745650266,instance,informative
1,0.20236220472440936,0.2,0.2436781609195402,0.8928571428571429,0.21264779041731996,0.0,0.4911996712689579,0.9990654205607477,1.0,0.5159879929275633,instance,informative
0,0.8144963144963144,1.0,0.5763546798029557,0.7142857142857143,0.5672563031932419,1.0,0.5264230982394462,1.0,1.0,-0.9513137885307316,instance,informative
1,0.14922813036020588,0.0,0.2436781609195402,0.8928571428571429,0.47609538671011675,0.0,0.47743702350387884,0.997196261682243,1.0,0.8602748429292811,instance,informative
1,0.07051282051282048,0.2,0.16666666666666663,0.7857142857142857,0.44224363802032585,1.0,0.5061954490314335,1.0,1.0,0.2547975978396675,instance,informative
1,0.0957446808510638,0.0,0.5272727272727273,0.5,0.13148604734077585,0.0,0.45646432517119706,0.9928348909657321,1.0,0.9337969769408963,instance,informative
1,0.2116161616161616,0.0,0.7719298245614035,0.5714285714285714,0.49066084977583313,0.25,0.4437100494893389,0.9978193146417446,1.0,0.7231363721923985,instance,informative
1,0.1690647482014389,0.0,0.2670454545454546,0.7857142857142857,0.4867777457916055,0.0,0.4866649530809969,0.9968847352024922,1.0,0.8099970912755948,instance,informative
1,0.15217391304347827,0.0,0.36363636363636365,0.5,0.2131534952025126,0.0,0.48647056225312024,0.9984423676012462,1.0,0.6174344814347693,instance,informative
1,0.338265306122449,0.0,0.18974358974358974,0.6785714285714286,0.2051231062869941,0.25,0.49034639404195235,0.9984423676012462,1.0,0.6171880583157451,instance,informative
1,0.07352941176470584,0.0,0.2329749103942652,0.5357142857142857,0.2592860923859741,0.0,0.4756028910912813,0.9984423676012462,1.0,0.9325678519021382,instance,informative
1,0.07499999999999996,0.4,0.2329749103942652,0.35714285714285715,0.1392229373276166,1.0,0.5058496772817475,1.0,1.0,1.0721784107305499,instance,informative
1,0.21091644204851745,0.0,0.48888888888888893,0.4642857142857143,0.2587992069239775,0.0,0.4550405391776654,0.9984423676012462,1.0,1.1833608821689034,instance,informative
1,0.15476190476190477,0.0,0.2436781609195402,0.42857142857142855,0.37619036932025074,0.09090909090909091,0.4844588974822729,0.9975077881619938,1.0,0.5741829744956939,instance,informative
1,0.22619047619047616,0.2,0.18727272727272726,0.75,0.19595136744310798,0.0,0.47636599823482906,0.9990654205607477,1.0,0.7717088807502871,instance,informative
1,0.3100303951367782,0.4,0.864406779661017,0.17857142857142858,0.6009944677137758,1.0,0.5011544799310762,1.0,1.0,0.24485657800652091,instance,informative
1,0.0714285714285714,0.0,0.2329749103942652,0.2857142857142857,0.158926738653775,0.0,0.461503313123252,0.9953271028037384,1.0,1.2802572832150625,instance,informative
0,0.745,1.0,0.8127272727272727,0.75,0.7017598144192857,1.0,0.5397460972187744,1.0,1.0,-1.1355042500221038,instance,informative
1,0.15217391304347827,0.0,0.5272727272727273,0.5,0.1609463821382805,0.0,0.4544647530111283,0.9962616822429906,1.0,0.8121118865512091,instance,informative
1,0.07777777777777772,0.4,0.2436781609195402,0.5,0.2838841535192763,0.25,0.493027520699409,0.9996884735202493,1.0,0.701128359919129,instance,informative
0,0.717948717948718,1.0,0.8127272727272727,0.42857142857142855,0.48721064203493814,1.0,0.5265031286213515,1.0,1.0,-0.6513286980028404,instance,informative
1,0.11963190184049077,0.2,0.2329749103942652,0.35714285714285715,0.20154829432721721,0.0,0.49581828150536833,0.9993769470404984,1.0,0.5935285220500663,instance,informative
1,0.5158102766798419,0.6,0.36363636363636365,0.5,0.5715806029278251,1.0,0.5136732997445961,1.0,1.0,0.6832744352270342,instance,informative
1,0.0901639344262295,0.0,0.2329749103942652,0.5357142857142857,0.1585838356249572,0.16666666666666666,0.4603052099155318,0.9956386292834891,1.0,1.1888125524561577,instance,informative
1,0.28205128205128205,0.2,0.326797385620915,0.5714285714285714,0.30575242174937417,0.5,0.49136231445838996,0.9996884735202493,1.0,0.7431898774619595,instance,informative
1,0.19817073170731714,0.2,0.2670454545454546,0.7857142857142857,0.4046620590962794,0.0,0.4869587019961389,0.9993769470404984,1.0,0.926880709658335,instance,informative
0,0.7916666666666667,1.0,0.8333333333333334,0.75,0.42109345919987273,1.0,0.5529137775890688,1.0,1.0,-0.9609951256713939,instance,informative
1,0.31963190184049073,0.4,0.36363636363636365,0.35714285714285715,0.2823531148095335,1.0,0.5099742747618392,1.0,1.0,0.06420718422538368,instance,informative
1,0.0957446808510638,0.0,0.2436781609195402,0.5,0.3385805498986668,0.0,0.44085724207497545,0.9978193146417446,1.0,0.7962170417005706,instance,informative
1,0.18333333333333335,0.0,0.18727272727272726,0.6428571428571429,0.2837315772246308,0.0,0.4682066208087694,0.9975077881619938,1.0,1.2198093697823715,instance,informative
1,0.1339285714285714,0.4,0.2329749103942652,0.5357142857142857,0.32560933527953984,1.0,0.5055873872104909,1.0,1.0,0.49741428542815047,instance,informative
1,0.09558823529411764,0.2,0.2329749103942652,0.7142857142857143,0.3359726601796509,0.5,0.5001218453512347,1.0,1.0,0.3896845408417379,instance,informative
1,0.16902887139107614,0.2,0.18727272727272726,0.7142857142857143,0.265827669852007,0.25,0.4758836325891206,0.9993769470404984,1.0,1.0231205682290196,instance,informative
1,0.3500000000000001,0.0,0.36363636363636365,0.5,0.39022511310363905,0.3333333333333333,0.46698929549578505,0.9984423676012462,1.0,0.31794384122981895,instance,informative
1,0.22111111111111104,0.0,0.2436781609195402,0.35714285714285715,0.36938107233977535,0.0,0.444715787951526,0.9968847352024922,1.0,0.8634900493655965,instance,informative
1,0.15333333333333332,0.0,0.2329749103942652,0.35714285714285715,0.25372563411526927,0.0,0.4783242431569128,0.9975077881619938,1.0,0.9240872531561803,instance,informative
1,0.07352941176470584,0.2,0.2670454545454546,0.7857142857142857,0.19220100009461055,0.0,0.4706658936257522,0.9996884735202493,1.0,0.35941503195686425,instance,informative
1,0.09615384615384615,0.0,0.2329749103942652,0.35714285714285715,0.1611789838194948,0.0,0.4528287053146347,0.9956386292834891,1.0,0.900537129241727,instance,informative
1,0.05844155844155852,0.0,0.2670454545454546,0.7857142857142857,0.3644398740503264,0.0,0.49301777610236186,0.9984423676012462,1.0,-0.14886162264122713,instance,informative
1,0.05844155844155852,0.0,0.18727272727272726,0.6071428571428571,0.13946916712078278,0.0,0.38951792953954933,0.985981308411215,1.0,1.5013642839589292,instance,informative
1,0.5023980815347722,0.2,0.2670454545454546,0.6071428571428571,0.48183132964571074,0.0,0.4796950203549083,0.9996884735202493,1.0,0.3025332049492494,instance,informative
0,0.4042553191489362,0.8,0.7563218390804598,0.8571428571428571,0.6485568443597743,1.0,0.5209384698248547,1.0,1.0,-0.5060931800071455,instance,informative
1,0.09305555555555556,0.0,0.18727272727272726,0.6428571428571429,0.218849931307379,0.0,0.47527387579303415,0.9978193146417446,1.0,1.0602457619509063,instance,informative
0,0.8178294573643411,1.0,0.4727272727272728,0.6785714285714286,0.5872931733998777,1.0,0.5293430585088089,1.0,1.0,-0.39925756258707235,instance,informative
1,0.07777777777777772,0.2,0.2436781609195402,0.8928571428571429,0.2532952154449055,0.0,0.4746364861072294,0.9990654205607477,1.0,0.48319959785499844,instance,informative
1,0.05844155844155852,0.0,0.2329749103942652,0.5357142857142857,0.14369311738235757,0.0,0.45634054962478987,0.9975077881619938,1.0,1.2460982773512834,instance,informative
1,0.17142857142857149,0.4,0.2329749103942652,0.2857142857142857,0.2701859604603968,0.0,0.48880567791077834,0.9990654205607477,1.0,0.33679977716805803,instance,informative
1,0.10377358490566035,0.0,0.4236453201970444,0.6428571428571429,0.3752498111870758,0.0,0.4658242277703072,0.9981308411214953,1.0,0.6174840666380593,instance,informative
1,0.164983164983165,0.0,0.36363636363636365,0.5,0.4761775315780694,0.2,0.4620075658614333,0.9956386292834891,1.0,0.405116866176581,instance,informative
0,0.7603686635944701,0.6,0.5111111111111111,0.6428571428571429,0.7504982124404243,0.6666666666666666,0.4965582475280238,0.9994407158836689,1.0,-0.5832497084576272,instance,informative
1,0.1529652351738241,0.0,0.18727272727272726,0.6071428571428571,0.24859780222345407,0.0,0.4601234106204498,0.9959501557632399,1.0,0.9476301234489087,instance,informative
1,0.09305555555555556,0.0,0.2436781609195402,0.8928571428571429,0.3177626770758505,0.0,0.4412578068962164,0.9950155763239875,1.0,0.8795447244885733,instance,informative
1,0.27717391304347827,0.2,0.16666666666666663,0.7857142857142857,0.2007014738488584,0.0,0.49964584080935337,0.9996884735202493,1.0,1.02617382059537,instance,informative
1,0.23844537815126055,0.2,0.2436781609195402,0.42857142857142855,0.5265268361099089,0.5,0.505135731219531,1.0,1.0,0.001887202904581175,instance,informative
1,0.14574468085106385,0.2,0.2670454545454546,0.4642857142857143,0.2067740044314702,0.0,0.46548259633495404,0.9987538940809969,1.0,0.8959796721265717,instance,informative
1,0.21091644204851745,0.2,0.2329749103942652,0.4642857142857143,0.54256385021607,1.0,0.5031250988247429,1.0,0.975,0.8044169668616127,instance,informative
1,0.28308823529411764,0.2,0.2436781609195402,0.5357142857142857,0.27738293427781835,1.0,0.5066301701973295,1.0,1.0,0.6574689267559868,instance,informative
1,0.2582417582417582,0.0,0.2670454545454546,0.6071428571428571,0.142253413866183,0.0,0.4829380306675425,0.997196261682243,1.0,0.5731681534581222,instance,informative
1,0.045454545454545414,0.2,0.2436781609195402,0.8928571428571429,0.43470606556580715,1.0,0.5022775938070498,1.0,1.0,1.122926097847123,instance,informative
1,0.26225490196078427,0.2,0.6852791878172588,0.35714285714285715,0.29978789964522157,0.0,0.49728957730359824,0.9996884735202493,1.0,0.9193304510838968,instance,informative
1,0.14615384615384608,0.4,0.2436781609195402,0.35714285714285715,0.44665771362405793,0.16666666666666666,0.4808558583487763,0.9990654205607477,1.0,0.48630743058375325,instance,informative
1,0.15333333333333332,0.4,0.48888888888888893,0.5714285714285714,0.2835714221193137,0.0,0.49821401118839026,0.9996884735202493,0.975,0.5976076070801466,instance,informative
1,0.08196721311475408,0.4,0.2670454545454546,0.6071428571428571,0.19910951157481455,0.0,0.48056257198933916,0.9993769470404984,0.975,0.5709764772728743,instance,informative
1,0.5085207907293796,0.8,0.326797385620915,0.6071428571428571,0.24603397086741197,0.75,0.5062712104376372,1.0,1.0,0.9513401602075123,instance,informative
1,0.256656346749226,0.4,0.2329749103942652,0.6785714285714286,0.20383476569498366,0.3333333333333333,0.45597289834786203,0.9993769470404984,1.0,1.1051765612605664,instance,informative
1,0.09677419354838712,0.0,0.2436781609195402,0.8928571428571429,0.2942587519896982,0.0,0.4788082053637126,0.9981308411214953,1.0,0.8290409988096891,instance,informative
1,0.19817073170731714,0.2,0.2670454545454546,0.7142857142857143,0.24065662759078865,0.0,0.4649929982545076,0.9996884735202493,1.0,0.9183613853203111,instance,informative
0,0.7738095238095238,0.8,0.7329545454545454,0.75,0.5637494402077765,1.0,0.5155675488777335,1.0,1.0,-0.07648441858196715,instance,informative
1,0.10236220472440949,0.2,0.18727272727272726,0.6071428571428571,0.2235156325127342,0.14285714285714285,0.45669534347881513,0.9993769470404984,1.0,0.2733999694690464,instance,informative
1,0.17480314960629917,0.2,0.2329749103942652,0.2857142857142857,0.28221294773699424,0.0,0.4954599038293046,0.9990654205607477,1.0,0.5767372576816528,instance,informative
1,0.16842105263157903,0.0,0.2329749103942652,0.35714285714285715,0.2413318999166849,0.0,0.470183856143242,0.9959501557632399,1.0,0.6800268316972485,instance,informative
1,0.19316239316239314,0.0,0.48888888888888893,0.6785714285714286,0.21120425191704972,0.0,0.45624522455458316,0.997196261682243,1.0,0.8882816356603462,instance,informative
1,0.10952380952380958,0.0,0.2670454545454546,0.7857142857142857,0.330955098127543,0.0,0.4844663365105558,0.997196261682243,1.0,0.6501278041175503,instance,informative
1,0.05769230769230771,0.0,0.18727272727272726,0.7142857142857143,0.26649162258925213,0.0,0.46924840587878747,0.9968847352024922,1.0,1.104266326361304,instance,informative
1,0.21906474820143884,0.0,0.2670454545454546,0.5357142857142857,0.22406759265205106,0.25,0.45287044456952064,0.9975077881619938,1.0,0.6216902732321931,instance,informative
1,0.13183060109289624,0.4,0.2670454545454546,0.5357142857142857,0.6230508691233322,1.0,0.5044638647379598,1.0,1.0,0.008953378065538345,instance,informative
1,0.14588377723970947,0.2,0.2329749103942652,0.5357142857142857,0.26763743020898045,0.0,0.49478564486243504,0.9996884735202493,1.0,0.8037611732021762,instance,informative
1,0.07480314960629919,0.0,0.18727272727272726,0.6428571428571429,0.1954643578484238,0.0,0.4615802639513241,0.9984423676012462,1.0,1.009818719659461,instance,informative
1,0.20377358490566033,0.2,0.2670454545454546,0.5357142857142857,0.2221110296090017,0.0,0.4834332862529882,0.9987538940809969,1.0,1.0294341357325445,instance,informative
0,0.7952380952380953,0.4,0.7563218390804598,0.9642857142857143,0.8641824587101808,0.0,0.46900830308718866,0.9988814317673378,1.0,-0.6813001062632643,instance,informative
1,0.38548752834467126,0.0,0.18727272727272726,0.7142857142857143,0.2833683717730976,0.16666666666666666,0.4737069750363547,0.9978193146417446,1.0,0.6321284572939654,instance,informative
1,0.2240740740740741,0.2,0.36363636363636365,0.39285714285714285,0.400869792316238,0.0,0.4528835847651812,0.9987538940809969,1.0,0.4691500931821934,instance,informative
0,0.8509852216748768,1.0,0.13559322033898302,0.17857142857142858,0.566952492773118,1.0,0.5236133213137668,1.0,1.0,-0.35460367099561196,instance,informative
1,0.17051282051282057,0.2,0.2436781609195402,0.7857142857142857,0.531406117380771,0.0,0.4849640898553821,0.9996884735202493,1.0,0.355727156099068,instance,informative
1,0.5,0.2,0.2436781609195402,0.42857142857142855,0.4742461707253598,0.5,0.5256023269347734,1.0,1.0,0.4436162019273742,instance,informative
0,0.8309711286089239,1.0,0.7563218390804598,0.39285714285714285,0.6618568525812808,1.0,0.5299023183317506,1.0,1.0,-0.32994949457854084,instance,informative
1,0.17026578073089704,0.4,0.2436781609195402,0.6428571428571429,0.1395298338030928,0.0,0.4865644966017312,0.9996884735202493,1.0,0.012386130861948128,instance,informative
1,0.22499999999999998,0.4,0.2329749103942652,0.5357142857142857,0.16361471611021566,1.0,0.51160739629369,1.0,1.0,0.3799550485245171,instance,informative
1,0.20685579196217496,0.2,0.18727272727272726,0.7142857142857143,0.3678505412761438,0.0,0.4915872522031788,0.9987538940809969,1.0,0.483209729573516,instance,informative
1,0.1685531496062992,0.4,0.2329749103942652,0.5357142857142857,0.15940486959938266,0.0,0.493130148508219,0.9996884735202493,1.0,1.570805702505762,instance,informative
1,0.2407407407407407,0.4,0.2329749103942652,0.5357142857142857,0.1440498612479596,1.0,0.5200707844622349,1.0,1.0,1.1259648593769487,instance,informative
1,0.256656346749226,0.4,0.2329749103942652,0.6785714285714286,0.17050950829645667,0.5,0.5137919513706043,1.0,1.0,0.8056976485136805,instance,informative
1,0.0,0.0,0.2436781609195402,0.6785714285714286,0.147017488496608,0.0,0.4429284909344069,0.9897196261682243,1.0,1.0210632492490397,instance,informative
0,0.5867346938775511,0.8,0.5763546798029557,0.6071428571428571,0.7281975287088096,1.0,0.5124073313977411,1.0,1.0,-0.9259014248174462,instance,informative
1,0.2350165172251062,0.2,0.2670454545454546,0.5714285714285714,0.3223767781942527,0.3333333333333333,0.4594395543023718,0.9996884735202493,1.0,0.36971339571024264,instance,informative
1,0.19307832422586513,0.2,0.39682539682539686,0.39285714285714285,0.20574188983375846,0.5,0.5034809438672954,1.0,1.0,1.2996086572334453,instance,informative
1,0.19480519480519476,0.2,0.4236453201970444,0.7142857142857143,0.4874035047991925,0.25,0.5256809584452147,1.0,1.0,0.777971371932201,instance,informative
1,0.2116161616161616,0.2,0.2329749103942652,0.35714285714285715,0.16280412194469973,0.0,0.48177012902433813,0.9990654205607477,1.0,0.9913391098126295,instance,informative
1,0.18550368550368546,0.2,0.18974358974358974,0.6785714285714286,0.48093581503927174,0.0,0.4722485850095731,0.9987538940809969,1.0,0.5697516845795244,instance,informative
1,0.15113871635610776,0.2,0.48888888888888893,0.4642857142857143,0.5575172960806078,1.0,0.5002343259969045,1.0,1.0,0.27998496911118953,instance,informative
0,0.7866300366300366,1.0,0.5111111111111111,0.5,0.6937747765331039,1.0,0.5223830936667,1.0,1.0,-0.3852209374616768,instance,informative
1,0.13657407407407407,0.0,0.2436781609195402,0.8928571428571429,0.16385448171698547,0.0,0.4695198002062242,0.9968847352024922,1.0,1.371404633836713,instance,informative
1,0.12810945273631846,0.2,0.4236453201970444,0.4642857142857143,0.4004430966552963,0.0,0.46541180873468213,0.9990654205607477,0.975,0.5458227843063231,instance,informative
1,0.1777777777777778,0.0,0.18666666666666665,0.5,0.15439272006007476,0.0,0.4552027583216728,0.997196261682243,1.0,0.9549908418657131,instance,informative
1,0.1339285714285714,0.2,0.18974358974358974,0.5714285714285714,0.2161684613038678,0.0,0.49107934235201256,0.9996884735202493,1.0,0.7617497883906025,instance,informative
1,0.1822784810126582,0.2,0.2329749103942652,0.35714285714285715,0.18016793076395476,0.0,0.4824107964813886,0.9990654205607477,1.0,1.075384200353831,instance,informative
1,0.2533333333333333,0.4,0.4236453201970444,0.6785714285714286,0.38712929868726187,0.0,0.4974557755103438,0.9996884735202493,0.975,1.2546214686517423,instance,informative
1,0.07971014492753625,0.0,0.2329749103942652,0.39285714285714285,0.15780507514757025,0.0,0.4756450816546919,0.9978193146417446,0.975,0.7447680922139656,instance,informative
1,0.22111111111111104,0.2,0.2436781609195402,0.39285714285714285,0.46405303593178704,0.0,0.4702160201100578,0.9993769470404984,1.0,0.2968947179722773,instance,informative
1,0.24404761904761907,0.2,0.5272727272727273,0.6071428571428571,0.4257216455313678,0.0,0.470105736690977,0.9990654205607477,1.0,0.5820489964542835,instance,informative
1,0.11963190184049077,0.2,0.18727272727272726,0.75,0.19810616932056246,0.0,0.4890787498543733,0.9990654205607477,1.0,0.7025418585342103,instance,informative
1,0.16758241758241765,0.0,0.326797385620915,0.5714285714285714,0.19213830655038622,0.0,0.4213426737301874,0.9934579439252337,1.0,0.7336588747682474,instance,informative
0,0.6759259259259259,1.0,0.8102564102564103,0.5357142857142857,0.8146098437453924,1.0,0.5215593410810653,1.0,1.0,-0.8210669710301252,instance,informative
1,0.1821705426356589,0.2,0.18974358974358974,0.5357142857142857,0.3281049885626241,0.0,0.47199350013485075,0.9990654205607477,1.0,0.9854013783076391,instance,informative
1,0.07407407407407407,0.2,0.2329749103942652,0.5357142857142857,0.15081191742148725,0.0,0.4353205412797261,0.9993769470404984,1.0,0.9149481205927481,instance,informative
1,0.10999999999999999,0.0,0.2670454545454546,0.75,0.20544697013782542,0.0,0.4700643776772425,0.9975077881619938,1.0,0.606184056455037,instance,informative
1,0.1777777777777778,0.4,0.2436781609195402,0.5357142857142857,0.21682937809427055,0.0,0.4876166885200831,0.9996884735202493,1.0,1.0496728561278366,instance,informative
1,0.21717171717171713,0.0,0.36363636363636365,0.5,0.4438070075019427,0.0,0.48205183907673455,0.9978193146417446,0.975,0.6785203760689157,instance,informative
1,0.06432360742705567,0.0,0.2436781609195402,1.0,0.3453959716323204,0.0,0.4609325287903032,0.9959501557632399,1.0,0.326303678851768,instance,informative
1,0.1690647482014389,0.0,0.18727272727272726,0.6071428571428571,0.16679337553033002,0.0,0.46760251616706117,0.997196261682243,1.0,1.3420805832645066,instance,informative
1,0.33573141486810554,0.6,0.2436781609195402,0.39285714285714285,0.31057987221572836,0.0,0.46695934039555875,0.9993769470404984,1.0,0.5709259052523017,instance,informative
1,0.2116161616161616,0.0,0.2329749103942652,0.2857142857142857,0.2500942926653052,0.0,0.4687568564765323,0.9981308411214953,1.0,0.750242022514016,instance,informative
1,0.17948717948717952,0.2,0.18727272727272726,0.6428571428571429,0.3200710623165638,0.0,0.492004305481051,0.9990654205607477,1.0,0.28959790165496413,instance,informative
1,0.09558823529411764,0.4,0.36363636363636365,0.35714285714285715,0.4046571454533462,0.0,0.4980759298759754,0.9996884735202493,1.0,0.5155499588140786,instance,informative
1,0.025862068965517238,0.0,0.2329749103942652,0.35714285714285715,0.18172824989564013,0.0,0.46525880455531554,0.9981308411214953,1.0,1.083700665681522,instance,informative
0,0.8180327868852459,1.0,0.7563218390804598,0.35714285714285715,0.7425086277971267,1.0,0.5370426456033539,1.0,0.975,-1.4518859039377747,instance,informative
0,0.8666666666666667,0.8,0.8127272727272727,0.5714285714285714,0.8709497856693521,1.0,0.5023170207404306,1.0,1.0,-1.3886045216595055,instance,informative
1,0.0901639344262295,0.0,0.2329749103942652,0.5357142857142857,0.2450687303403467,0.0,0.4519981362895592,0.9965732087227415,1.0,0.5985751389209845,instance,informative
1,0.24040920716112535,0.2,0.18727272727272726,0.6071428571428571,0.21738424395431022,1.0,0.5069149844593394,1.0,1.0,0.6575651240915763,instance,informative
1,0.4190647482014389,0.2,0.2436781609195402,0.5357142857142857,0.2954207088499178,0.25,0.5365569507159633,1.0,1.0,0.6974770917898613,instance,informative
1,0.16842105263157903,0.0,0.7719298245614035,0.5,0.3366478419501706,0.0,0.4680940794884505,0.9978193146417446,1.0,0.9056841786667943,instance,informative
1,0.16842105263157903,0.4,0.2329749103942652,0.2857142857142857,0.3700534913092316,0.3333333333333333,0.48676510543376017,0.9996884735202493,1.0,0.6126083509881324,instance,informative
1,0.025862068965517238,0.4,0.2436781609195402,0.8928571428571429,0.5165097892650361,0.0,0.48077136489506134,0.9990654205607477,1.0,0.339241537314346,instance,informative
1,0.03749999999999998,0.0,0.18727272727272726,0.5357142857142857,0.2638875349059435,0.0,0.4508105619311593,0.9934579439252337,1.0,0.14747811930836835,instance,informative
1,0.13752276867030966,0.2,0.2436781609195402,0.5,0.18159555825226892,0.0,0.4992288893918091,0.9996884735202493,1.0,0.8243824460429535,instance,informative
1,0.11688311688311692,0.0,0.16666666666666663,0.7857142857142857,0.33084995560536934,0.0,0.4331030305810679,0.9956386292834891,1.0,0.06969212900644811,instance,informative
1,0.20833333333333326,0.2,0.18727272727272726,0.75,0.19863702700807095,0.5,0.4782092602038739,0.9996884735202493,1.0,1.0495132164190712,instance,informative
1,0.10999999999999999,0.0,0.2329749103942652,0.35714285714285715,0.13108373349367125,0.0,0.49016571778833173,0.9981308411214953,1.0,0.9893349696470679,instance,informative
1,0.1957446808510639,0.2,0.36363636363636365,0.4642857142857143,0.393186977209388,0.0,0.4945421037980505,0.9993769470404984,1.0,0.18136419504953935,instance,informative
1,0.09558823529411764,0.0,0.2436781609195402,0.42857142857142855,0.22258639732842467,0.0,0.48082273658264063,0.9978193146417446,1.0,0.551496179159282,instance,informative
1,0.19770114942528738,0.2,0.2436781609195402,0.39285714285714285,0.19227690833364736,0.5,0.5021928815189369,1.0,1.0,0.7441044083755106,instance,informative
1,0.10236220472440949,0.0,0.18974358974358974,0.6785714285714286,0.4023128074742863,0.0,0.4881931491065076,0.9962616822429906,1.0,0.2825326196807862,instance,informative
1,0.15000000000000002,0.2,0.48888888888888893,0.6785714285714286,0.5089827732765513,0.0,0.4838812550115753,0.9990654205607477,1.0,0.5183436618711913,instance,informative
1,0.11956521739130432,0.0,0.18727272727272726,0.75,0.2477526481225777,0.0,0.4484922830847965,0.9884735202492212,1.0,0.7323740158261128,instance,informative
1,0.1821705426356589,0.4,0.18727272727272726,0.5,0.25077388912843646,1.0,0.544416225992805,1.0,1.0,0.8824191369418487,instance,informative
1,0.20752628666297723,0.0,0.326797385620915,0.5357142857142857,0.3686352330503919,0.0,0.4503784100742273,0.9968847352024922,1.0,0.03571325881617209,instance,informative
1,0.15384615384615385,0.0,0.2436781609195402,0.39285714285714285,0.3359215097229714,0.0,0.45515924154316567,0.9950155763239875,1.0,0.8321846322334805,instance,informative
1,0.8013986013986014,0.6,0.2436781609195402,0.39285714285714285,0.40504686519597954,0.5,0.5188972959744258,1.0,1.0,0.3337080554864395,instance,informative
1,0.16326530612244894,0.0,0.18727272727272726,0.6071428571428571,0.14259631908455556,0.0,0.4515391233186974,0.9962616822429906,1.0,1.5485043523898627,instance,informative
1,0.2160737812911726,0.4,0.6896551724137931,0.42857142857142855,0.29836044935209516,0.3333333333333333,0.47879899467775167,0.9996884735202493,1.0,0.5613258872824428,instance,informative
